,K,befor,after
0,1,800.9837605967148,793.1284307269028
1,2,800.9837605967148,787.3174516975519
2,3,800.9837605967148,788.1235025830099
3,4,800.9837605967148,783.0653724536202
4,5,800.9837605967148,781.9725733489123
5,6,800.9837605967148,773.9230721457732
6,7,800.9837605967148,764.1635874687095
7,8,800.9837605967148,758.0573800852263
8,9,800.9837605967148,757.9671099220038
9,10,800.9837605967148,743.0885667908558
10,11,800.9837605967148,728.4428907291415
11,12,800.9837605967148,727.3703235294263
12,13,800.9837605967148,746.0336902565233
13,14,800.9837605967148,703.6716066659123
14,15,800.9837605967148,729.1341925216509
15,16,800.9837605967148,723.6341993631302
16,17,800.9837605967148,718.329917110429
17,18,800.9837605967148,711.3532709293826
18,19,800.9837605967148,719.5389580710122
19,20,800.9837605967148,705.1826897061951
20,21,800.9837605967148,683.2413964365389
21,22,800.9837605967148,679.9869187779968
22,23,800.9837605967148,691.6569032495561
23,24,800.9837605967148,682.2477946528313
24,25,800.9837605967148,677.2345037552907
25,26,800.9837605967148,729.333295470305
26,27,800.9837605967148,688.8007404799756
27,28,800.9837605967148,686.9214343622384
28,29,800.9837605967148,706.0750982438749
29,30,800.9837605967148,672.5692783876151
30,31,800.9837605967148,684.9367705338282
31,32,800.9837605967148,679.1111383439469
32,33,800.9837605967148,686.2870033261095
33,34,800.9837605967148,646.1409911072384
34,35,800.9837605967148,678.0083899685571
35,36,800.9837605967148,649.0064960200601
36,37,800.9837605967148,646.1863587083058
37,38,800.9837605967148,667.0082412507218
38,39,800.9837605967148,634.2645210388231
39,40,800.9837605967148,658.9318992883105
40,41,800.9837605967148,671.3409871527787
41,42,800.9837605967148,620.6643587031627
42,43,800.9837605967148,637.0487166315254
43,44,800.9837605967148,661.2803051306753
44,45,800.9837605967148,680.2922247393966
45,46,800.9837605967148,630.5830952503602
46,47,800.9837605967148,654.5671722070142
47,48,800.9837605967148,657.9408747690668
48,49,800.9837605967148,673.0336162936464
49,50,800.9837605967148,637.5015320502114
50,51,800.9837605967148,615.3820590189438
51,52,800.9837605967148,626.1205471051783
52,53,800.9837605967148,638.7931758353736
53,54,800.9837605967148,640.9733971875492
54,55,800.9837605967148,659.6269500544024
55,56,800.9837605967148,580.6396149137042
56,57,800.9837605967148,604.1752338072357
57,58,800.9837605967148,635.3281043587191
58,59,800.9837605967148,613.5138398146399
59,60,800.9837605967148,645.397785239619
60,61,800.9837605967148,645.3000707902371
61,62,800.9837605967148,638.3380819879803
62,63,800.9837605967148,590.310363595253
63,64,800.9837605967148,602.29352198835
64,65,800.9837605967148,596.7772258445119
65,66,800.9837605967148,638.0738449588838
66,67,800.9837605967148,621.3109257288668
67,68,800.9837605967148,656.2365516610373
68,69,800.9837605967148,624.2332396122072
69,70,800.9837605967148,645.7363599591298
70,71,800.9837605967148,633.0509527927874
71,72,800.9837605967148,557.7291935862341
72,73,800.9837605967148,564.8495567876855
73,74,800.9837605967148,570.1108220237569
74,75,800.9837605967148,571.4399403826922
75,76,800.9837605967148,574.5278121365683
76,77,800.9837605967148,596.5323610151092
77,78,800.9837605967148,583.8012175258999
78,79,800.9837605967148,644.303273181786
79,80,800.9837605967148,617.8054252307559
80,81,800.9837605967148,658.0503150454721
81,82,800.9837605967148,662.3961092238873
82,83,800.9837605967148,602.1269624274064
83,84,800.9837605967148,571.8189232393977
84,85,800.9837605967148,545.8948074110974
85,86,800.9837605967148,550.9853485070465
86,87,800.9837605967148,561.8115798205129
87,88,800.9837605967148,556.6009718612682
88,89,800.9837605967148,598.2755792471895
89,90,800.9837605967148,593.964459842141
90,91,800.9837605967148,624.786450515483
91,92,800.9837605967148,647.4476370837683
92,93,800.9837605967148,655.8395921727251
93,94,800.9837605967148,618.6291919028614
94,95,800.9837605967148,668.8447816037879
95,96,800.9837605967148,658.8829025736826
96,97,800.9837605967148,651.6412095763675
97,98,800.9837605967148,648.2361612446017
98,99,800.9837605967148,640.1508429374323
99,100,800.9837605967148,612.8432815611989
100,101,800.9837605967148,537.4550801444507
101,102,800.9837605967148,536.9999025216179
102,103,800.9837605967148,555.1076608481042
103,104,800.9837605967148,572.9262775976505
104,105,800.9837605967148,579.3471963193276
105,106,800.9837605967148,534.063265780242
106,107,800.9837605967148,571.5398268826901
107,108,800.9837605967148,587.9262101617214
108,109,800.9837605967148,612.7790996817279
109,110,800.9837605967148,632.6301391229547
110,111,800.9837605967148,645.9911630099341
111,112,800.9837605967148,617.435847428447
112,113,800.9837605967148,608.822382833808
113,114,800.9837605967148,671.6452442508132
114,115,800.9837605967148,642.389313998452
115,116,800.9837605967148,653.5542254203714
116,117,800.9837605967148,639.2436784765181
117,118,800.9837605967148,666.3341514192371
118,119,800.9837605967148,666.5952796927511
119,120,800.9837605967148,712.5871139452379
120,121,800.9837605967148,676.3233884602627
121,122,800.9837605967148,749.5218902179232
122,123,800.9837605967148,708.6113607824199
123,124,800.9837605967148,646.9559325170245
124,125,800.9837605967148,583.9531783259944
125,126,800.9837605967148,526.1518773767829
126,127,800.9837605967148,511.48603465011035
127,128,800.9837605967148,531.8968924443939
128,129,800.9837605967148,482.25736125003976
129,130,800.9837605967148,549.5524490219374
130,131,800.9837605967148,500.4068171297082
131,132,800.9837605967148,526.6026888120003
132,133,800.9837605967148,534.7422587553677
133,134,800.9837605967148,536.0876598861735
134,135,800.9837605967148,516.2207774740027
135,136,800.9837605967148,551.2170379284993
136,137,800.9837605967148,570.148119020218
137,138,800.9837605967148,568.5832971874376
138,139,800.9837605967148,587.054034687988
139,140,800.9837605967148,584.4080055730374
140,141,800.9837605967148,591.8795553148901
141,142,800.9837605967148,635.3591864010444
142,143,800.9837605967148,575.2817731139685
143,144,800.9837605967148,614.1691965394839
144,145,800.9837605967148,640.2499050703539
145,146,800.9837605967148,603.710620342489
146,147,800.9837605967148,637.3566725455216
147,148,800.9837605967148,635.2276740400133
148,149,800.9837605967148,668.8104227235806
149,150,800.9837605967148,653.1308343987605
150,151,800.9837605967148,671.1651194176004
151,152,800.9837605967148,672.1482155840246
152,153,800.9837605967148,693.5862865078707
153,154,800.9837605967148,667.9917962537414
154,155,800.9837605967148,716.604914413917
155,156,800.9837605967148,702.3294019049425
156,157,800.9837605967148,678.7116764324218
157,158,800.9837605967148,708.4910112308249
158,159,800.9837605967148,698.8397948402401
159,160,800.9837605967148,704.8336088078271
160,161,800.9837605967148,736.1471478871495
161,162,800.9837605967148,723.5697828590809
162,163,800.9837605967148,721.9510967500477
163,164,800.9837605967148,719.5918538516137
164,165,800.9837605967148,717.4126496249479
165,166,800.9837605967148,622.2598123995782
166,167,800.9837605967148,586.3955858917134
167,168,800.9837605967148,535.7256139083039
168,169,800.9837605967148,462.4181684721487
169,170,800.9837605967148,502.8929270393989
170,171,800.9837605967148,516.4062411953926
171,172,800.9837605967148,522.110011625717
172,173,800.9837605967148,524.1091373053614
173,174,800.9837605967148,461.33951516878625
174,175,800.9837605967148,463.28323385295636
175,176,800.9837605967148,458.54977164823447
176,177,800.9837605967148,484.7820062353756
177,178,800.9837605967148,472.6164591384933
178,179,800.9837605967148,471.3864154233576
179,180,800.9837605967148,447.44405357297074
180,181,800.9837605967148,560.745283208609
181,182,800.9837605967148,557.943143655949
182,183,800.9837605967148,514.8985172204143
183,184,800.9837605967148,522.4207252763025
184,185,800.9837605967148,577.8828571830825
185,186,800.9837605967148,528.2676979159895
186,187,800.9837605967148,487.7427229202032
187,188,800.9837605967148,555.5172853993699
188,189,800.9837605967148,623.8049617413478
189,190,800.9837605967148,613.8345439381822
190,191,800.9837605967148,617.8039879173132
191,192,800.9837605967148,617.7740371917687
192,193,800.9837605967148,558.2911211944926
193,194,800.9837605967148,542.54843215163
194,195,800.9837605967148,562.6864641282967
195,196,800.9837605967148,579.9392093324607
196,197,800.9837605967148,638.5702454151353
197,198,800.9837605967148,572.210842853058
198,199,800.9837605967148,578.4020476123437
199,200,800.9837605967148,588.3794438778539
200,201,800.9837605967148,603.3119083848842
201,202,800.9837605967148,591.032836974799
202,203,800.9837605967148,667.6109454134851
203,204,800.9837605967148,633.3895805333144
204,205,800.9837605967148,658.7003020348636
205,206,800.9837605967148,612.4727207618072
206,207,800.9837605967148,614.351687558508
207,208,800.9837605967148,605.2185246275521
208,209,800.9837605967148,632.3043360033951
209,210,800.9837605967148,615.5791853436496
210,211,800.9837605967148,621.8776042487631
211,212,800.9837605967148,659.0507777276268
212,213,800.9837605967148,665.0399862225338
213,214,800.9837605967148,712.2206210820814
214,215,800.9837605967148,684.0416417071463
215,216,800.9837605967148,683.7935359358038
216,217,800.9837605967148,694.5581713020438
217,218,800.9837605967148,728.5992102285071
218,219,800.9837605967148,729.8738361424612
219,220,800.9837605967148,718.5850354955894
220,221,800.9837605967148,745.1625602201709
221,222,800.9837605967148,734.5178457970219
222,223,800.9837605967148,758.514655021243
223,224,800.9837605967148,766.7548947336509
224,225,800.9837605967148,703.9271960270771
225,226,800.9837605967148,781.9744668125983
226,227,800.9837605967148,791.4242877337811
227,228,800.9837605967148,806.3422521611099
228,229,800.9837605967148,718.4437219193505
229,230,800.9837605967148,720.1769043462376
230,231,800.9837605967148,731.4903731074187
231,232,800.9837605967148,855.0388052995874
232,233,800.9837605967148,885.8915263748197
233,234,800.9837605967148,901.4703795078303
234,235,800.9837605967148,728.6486106338671
235,236,800.9837605967148,938.5992429575588
236,237,800.9837605967148,738.7126282112476
237,238,800.9837605967148,750.5774024264427
238,239,800.9837605967148,754.5901668258464
239,240,800.9837605967148,746.9815040296319
240,241,800.9837605967148,755.1876390671214
241,242,800.9837605967148,762.8968576747827
242,243,800.9837605967148,766.9627678650294
243,244,800.9837605967148,767.3590148371932
244,245,800.9837605967148,756.9897136821098
245,246,800.9837605967148,758.1964705705
246,247,800.9837605967148,762.4106307885717
247,248,800.9837605967148,714.665598502807
248,249,800.9837605967148,692.4934051370021
