,K,befor,after
0,1,818.1496150011183,812.1796983442824
1,2,818.1496150011183,801.4310714924477
2,3,818.1496150011183,783.9195922540454
3,4,818.1496150011183,775.6502094428267
4,5,818.1496150011183,763.3557856275761
5,6,818.1496150011183,763.7939531198584
6,7,818.1496150011183,740.7851365745389
7,8,818.1496150011183,739.2178335761397
8,9,818.1496150011183,732.8627264929553
9,10,818.1496150011183,717.7247364266608
10,11,818.1496150011183,714.752193930458
11,12,818.1496150011183,719.6949433341545
12,13,818.1496150011183,695.3021237344797
13,14,818.1496150011183,713.344098323789
14,15,818.1496150011183,707.4501146133744
15,16,818.1496150011183,671.899768114353
16,17,818.1496150011183,658.9763768530233
17,18,818.1496150011183,704.5314065299256
18,19,818.1496150011183,680.8122908596599
19,20,818.1496150011183,660.1978925502209
20,21,818.1496150011183,668.3039042569674
21,22,818.1496150011183,685.4282340211329
22,23,818.1496150011183,629.2826850401268
23,24,818.1496150011183,666.2203505820057
24,25,818.1496150011183,648.0092602435249
25,26,818.1496150011183,656.0528593785854
26,27,818.1496150011183,663.3473953614125
27,28,818.1496150011183,677.3581819597791
28,29,818.1496150011183,609.6623605248717
29,30,818.1496150011183,615.1323724407025
30,31,818.1496150011183,646.8023024544367
31,32,818.1496150011183,672.9315720534041
32,33,818.1496150011183,672.0935797534185
33,34,818.1496150011183,606.8561217355339
34,35,818.1496150011183,611.2968552334687
35,36,818.1496150011183,622.5799028107665
36,37,818.1496150011183,651.3326508009549
37,38,818.1496150011183,681.6390449864123
38,39,818.1496150011183,692.5427077756758
39,40,818.1496150011183,617.6137635527539
40,41,818.1496150011183,569.6427480202677
41,42,818.1496150011183,586.4526075194347
42,43,818.1496150011183,610.5155991846747
43,44,818.1496150011183,653.5778414682214
44,45,818.1496150011183,646.5169452458045
45,46,818.1496150011183,662.4404815230982
46,47,818.1496150011183,676.3298016272345
47,48,818.1496150011183,703.4514905166458
48,49,818.1496150011183,660.0612476931432
49,50,818.1496150011183,602.6789880285048
50,51,818.1496150011183,532.8994653732445
51,52,818.1496150011183,539.4526516821547
52,53,818.1496150011183,566.951965685439
53,54,818.1496150011183,562.042978669115
54,55,818.1496150011183,591.9173397595275
55,56,818.1496150011183,613.2592346274483
56,57,818.1496150011183,623.299922655445
57,58,818.1496150011183,636.9782075502455
58,59,818.1496150011183,694.0232722676044
59,60,818.1496150011183,668.5257253447634
60,61,818.1496150011183,654.7139572188951
61,62,818.1496150011183,666.3763145482051
62,63,818.1496150011183,669.461144851902
63,64,818.1496150011183,681.7088344964789
64,65,818.1496150011183,662.9960013517882
65,66,818.1496150011183,666.1139335485578
66,67,818.1496150011183,514.1385641260838
67,68,818.1496150011183,502.5358613134764
68,69,818.1496150011183,495.9363144931707
69,70,818.1496150011183,503.08911844641153
70,71,818.1496150011183,521.5560637453084
71,72,818.1496150011183,520.4080789121424
72,73,818.1496150011183,547.3776957885843
73,74,818.1496150011183,556.6455736829178
74,75,818.1496150011183,536.5979581134543
75,76,818.1496150011183,552.5871683845479
76,77,818.1496150011183,578.6028830644649
77,78,818.1496150011183,580.241409766285
78,79,818.1496150011183,578.9970499184213
79,80,818.1496150011183,594.3310100551643
80,81,818.1496150011183,627.513915473816
81,82,818.1496150011183,620.1399321647173
82,83,818.1496150011183,674.0984969312215
83,84,818.1496150011183,655.2698301979092
84,85,818.1496150011183,676.2238954863437
85,86,818.1496150011183,695.6998986632989
86,87,818.1496150011183,674.9087087898096
87,88,818.1496150011183,706.4478890974921
88,89,818.1496150011183,755.6048265718148
89,90,818.1496150011183,801.8742257182901
90,91,818.1496150011183,798.4020080531006
91,92,818.1496150011183,817.5143230282823
92,93,818.1496150011183,806.4170010345118
93,94,818.1496150011183,797.4085222838432
94,95,818.1496150011183,748.9503699306468
95,96,818.1496150011183,749.548882113025
96,97,818.1496150011183,759.3091356258644
97,98,818.1496150011183,763.11898069384
98,99,818.1496150011183,728.752734876334
