,K,befor,after
0,1,808.0527547593699,806.8753273362495
1,2,808.0527547593699,804.5469864501576
2,3,808.0527547593699,803.274995563992
3,4,808.0527547593699,801.5201716524491
4,5,808.0527547593699,793.9904379211965
5,6,808.0527547593699,791.8049791034641
6,7,808.0527547593699,790.6584251340712
7,8,808.0527547593699,782.0266800138872
8,9,808.0527547593699,780.8444341397133
9,10,808.0527547593699,775.455836315685
10,11,808.0527547593699,782.6285896709023
11,12,808.0527547593699,769.4438063285712
12,13,808.0527547593699,776.5178315238416
13,14,808.0527547593699,766.3533072929489
14,15,808.0527547593699,761.7168169574047
15,16,808.0527547593699,766.2298180180651
16,17,808.0527547593699,771.5459456565404
17,18,808.0527547593699,762.4192452886053
18,19,808.0527547593699,751.3285670806658
19,20,808.0527547593699,753.5979847611026
20,21,808.0527547593699,756.1634662591962
21,22,808.0527547593699,759.513939459662
22,23,808.0527547593699,751.1668638979734
23,24,808.0527547593699,750.5579295292946
24,25,808.0527547593699,742.6443768219099
25,26,808.0527547593699,738.2808023114355
26,27,808.0527547593699,737.0170900651685
27,28,808.0527547593699,733.4829065225512
28,29,808.0527547593699,723.4362092645557
29,30,808.0527547593699,737.7386675509972
30,31,808.0527547593699,731.4536756760633
31,32,808.0527547593699,734.2112119051656
32,33,808.0527547593699,727.9964730452203
33,34,808.0527547593699,732.2601547926936
34,35,808.0527547593699,717.7835496669874
35,36,808.0527547593699,724.31327709928
36,37,808.0527547593699,723.7853531681051
37,38,808.0527547593699,727.5732248116858
38,39,808.0527547593699,712.5745925366843
39,40,808.0527547593699,720.8608219198396
40,41,808.0527547593699,731.7088036234497
41,42,808.0527547593699,710.808883371197
42,43,808.0527547593699,705.7486598562751
43,44,808.0527547593699,728.7957245272389
44,45,808.0527547593699,718.3734705396411
45,46,808.0527547593699,699.9609893588441
46,47,808.0527547593699,702.3635227037854
47,48,808.0527547593699,721.0633592479905
48,49,808.0527547593699,700.4328623316612
49,50,808.0527547593699,690.5552509752649
50,51,808.0527547593699,709.1979882066986
51,52,808.0527547593699,688.2973252415537
52,53,808.0527547593699,709.6231340918418
53,54,808.0527547593699,695.4948405561707
54,55,808.0527547593699,708.9807993644688
55,56,808.0527547593699,678.2625663206636
56,57,808.0527547593699,701.0913137749449
57,58,808.0527547593699,677.7214225669579
58,59,808.0527547593699,696.6322610743279
59,60,808.0527547593699,697.0318718855895
60,61,808.0527547593699,686.0027151347756
61,62,808.0527547593699,695.2948494717464
62,63,808.0527547593699,676.2412503298226
63,64,808.0527547593699,693.7809716850884
64,65,808.0527547593699,711.8682416411541
65,66,808.0527547593699,670.69223585225
66,67,808.0527547593699,685.9995228968179
67,68,808.0527547593699,707.2045234606969
68,69,808.0527547593699,674.1825504503007
69,70,808.0527547593699,697.6614197008829
70,71,808.0527547593699,699.824836583608
71,72,808.0527547593699,671.7056233354482
72,73,808.0527547593699,677.4303838589341
73,74,808.0527547593699,696.9026696068036
74,75,808.0527547593699,664.4965496849695
75,76,808.0527547593699,670.3419240530748
76,77,808.0527547593699,680.9240279675525
77,78,808.0527547593699,685.0171075292894
78,79,808.0527547593699,670.129693425782
79,80,808.0527547593699,674.0728151137312
80,81,808.0527547593699,670.0636420580124
81,82,808.0527547593699,681.1464747383801
82,83,808.0527547593699,694.8490874271654
83,84,808.0527547593699,659.6475930745698
84,85,808.0527547593699,662.8247633814389
85,86,808.0527547593699,683.668441340527
86,87,808.0527547593699,681.4288306014907
87,88,808.0527547593699,678.2604379442072
88,89,808.0527547593699,651.8361946039961
89,90,808.0527547593699,654.720723815768
90,91,808.0527547593699,662.0829942278857
91,92,808.0527547593699,680.7046279822496
92,93,808.0527547593699,688.4730185690316
93,94,808.0527547593699,627.7050035213126
94,95,808.0527547593699,647.4519068857392
95,96,808.0527547593699,659.8787964033326
96,97,808.0527547593699,667.1499058939811
97,98,808.0527547593699,663.8994464223414
98,99,808.0527547593699,676.4837204029692
99,100,808.0527547593699,655.0375437992354
100,101,808.0527547593699,640.143425781405
101,102,808.0527547593699,647.5431555055221
102,103,808.0527547593699,653.3522646864106
103,104,808.0527547593699,662.6663929306887
104,105,808.0527547593699,669.4961928786075
105,106,808.0527547593699,681.3289564332912
106,107,808.0527547593699,659.8773669175821
107,108,808.0527547593699,631.1838808433056
108,109,808.0527547593699,654.4664377639697
109,110,808.0527547593699,643.8378822437402
110,111,808.0527547593699,655.7412509014532
111,112,808.0527547593699,648.067055795726
112,113,808.0527547593699,655.9947676819149
113,114,808.0527547593699,671.0976806884107
114,115,808.0527547593699,666.4903783164764
115,116,808.0527547593699,622.9438366731722
116,117,808.0527547593699,623.8428637718459
117,118,808.0527547593699,643.4102777633655
118,119,808.0527547593699,643.7171763269573
119,120,808.0527547593699,645.2718502542054
120,121,808.0527547593699,645.5106135967832
121,122,808.0527547593699,674.6985348027231
122,123,808.0527547593699,675.5522988119061
123,124,808.0527547593699,662.2039983929258
124,125,808.0527547593699,636.4586510880579
125,126,808.0527547593699,622.1329582756786
126,127,808.0527547593699,631.3234837551206
127,128,808.0527547593699,630.9101424426786
128,129,808.0527547593699,650.6178087458329
129,130,808.0527547593699,631.4726994932719
130,131,808.0527547593699,652.7034494972374
131,132,808.0527547593699,660.3744422655384
132,133,808.0527547593699,647.2695461460959
133,134,808.0527547593699,656.6871788862543
134,135,808.0527547593699,661.9266329419806
135,136,808.0527547593699,647.6452672043736
136,137,808.0527547593699,620.3127325998281
137,138,808.0527547593699,600.7941470013295
138,139,808.0527547593699,629.0939121234921
139,140,808.0527547593699,622.3050005110397
140,141,808.0527547593699,632.0475713831918
141,142,808.0527547593699,634.1670276546486
142,143,808.0527547593699,630.8819484714177
143,144,808.0527547593699,646.1317501032582
144,145,808.0527547593699,649.1411489843407
145,146,808.0527547593699,673.194795176056
146,147,808.0527547593699,656.6713477830581
147,148,808.0527547593699,671.2836814667188
148,149,808.0527547593699,671.6430273926953
149,150,808.0527547593699,634.9461001286782
150,151,808.0527547593699,603.1821921802288
151,152,808.0527547593699,611.9849698437132
152,153,808.0527547593699,626.8182873359347
153,154,808.0527547593699,620.788707917242
154,155,808.0527547593699,626.4040009277
155,156,808.0527547593699,633.837366535018
156,157,808.0527547593699,622.0622973658569
157,158,808.0527547593699,632.7158922040647
158,159,808.0527547593699,628.195386376909
159,160,808.0527547593699,656.3123987901115
160,161,808.0527547593699,659.7658449609861
161,162,808.0527547593699,634.5544397552063
162,163,808.0527547593699,650.3050743859175
163,164,808.0527547593699,667.3202692124084
164,165,808.0527547593699,695.2493219905585
165,166,808.0527547593699,656.8127693994547
166,167,808.0527547593699,613.1519505707305
167,168,808.0527547593699,588.4294177457884
168,169,808.0527547593699,609.3364662175852
169,170,808.0527547593699,606.2517028999039
170,171,808.0527547593699,622.4620231812289
171,172,808.0527547593699,619.7453156809507
172,173,808.0527547593699,606.199083852495
173,174,808.0527547593699,612.2663604831289
174,175,808.0527547593699,617.8151693261591
175,176,808.0527547593699,621.3176104673055
176,177,808.0527547593699,621.9559280806359
177,178,808.0527547593699,618.4221276078308
178,179,808.0527547593699,633.6027907199245
179,180,808.0527547593699,640.5769155026694
180,181,808.0527547593699,646.6759313047564
181,182,808.0527547593699,663.7915964340334
182,183,808.0527547593699,656.1608518561143
183,184,808.0527547593699,650.0051443004254
184,185,808.0527547593699,663.0107774314152
185,186,808.0527547593699,693.0903810382135
186,187,808.0527547593699,635.8488305879827
187,188,808.0527547593699,597.6237557146594
188,189,808.0527547593699,578.1050683020312
189,190,808.0527547593699,591.9897036509143
190,191,808.0527547593699,599.6455757141073
191,192,808.0527547593699,600.9788500180146
192,193,808.0527547593699,591.396272178946
193,194,808.0527547593699,597.1764583380269
194,195,808.0527547593699,609.2890277649208
195,196,808.0527547593699,591.6497352962824
196,197,808.0527547593699,601.8598871965957
197,198,808.0527547593699,610.662910707759
198,199,808.0527547593699,619.5691099375057
199,200,808.0527547593699,623.2789351946685
200,201,808.0527547593699,638.9417456080497
201,202,808.0527547593699,626.5316938745398
202,203,808.0527547593699,648.1621898955952
203,204,808.0527547593699,644.3701935523837
204,205,808.0527547593699,658.0085728465806
205,206,808.0527547593699,665.7282510542784
206,207,808.0527547593699,651.4209247938988
207,208,808.0527547593699,658.1289643077041
208,209,808.0527547593699,692.611000855985
209,210,808.0527547593699,648.8363540403814
210,211,808.0527547593699,670.6934256404738
211,212,808.0527547593699,649.3538425033294
212,213,808.0527547593699,657.2937778763584
213,214,808.0527547593699,617.5226394163516
214,215,808.0527547593699,576.7135427448102
215,216,808.0527547593699,581.1284076978305
216,217,808.0527547593699,567.6603290387392
217,218,808.0527547593699,577.4822826749008
218,219,808.0527547593699,564.7436796389765
219,220,808.0527547593699,587.9275018690677
220,221,808.0527547593699,599.8438178472467
221,222,808.0527547593699,590.8297210210505
222,223,808.0527547593699,610.4127414788808
223,224,808.0527547593699,612.32633755416
224,225,808.0527547593699,612.96193260125
225,226,808.0527547593699,604.726781201674
226,227,808.0527547593699,632.947668903896
227,228,808.0527547593699,602.1621823780672
228,229,808.0527547593699,637.3978892399956
229,230,808.0527547593699,615.0538981006054
230,231,808.0527547593699,627.7261022734352
231,232,808.0527547593699,636.3310372695594
232,233,808.0527547593699,637.7544800032056
233,234,808.0527547593699,645.4535408580797
234,235,808.0527547593699,637.1547129928822
235,236,808.0527547593699,666.8829949328176
236,237,808.0527547593699,628.6345776612807
237,238,808.0527547593699,650.4147529857458
238,239,808.0527547593699,649.0200465443555
239,240,808.0527547593699,639.9246171840069
240,241,808.0527547593699,671.7046822042388
241,242,808.0527547593699,657.5717922205858
242,243,808.0527547593699,658.1965725062364
243,244,808.0527547593699,679.0317561599119
244,245,808.0527547593699,669.7981645299301
245,246,808.0527547593699,673.9153972909728
246,247,808.0527547593699,682.5748017372616
247,248,808.0527547593699,658.8658912450868
248,249,808.0527547593699,644.5786072505964
249,250,808.0527547593699,610.0160771433198
250,251,808.0527547593699,568.8256271557873
251,252,808.0527547593699,576.2000944400683
252,253,808.0527547593699,546.165555289993
253,254,808.0527547593699,556.0508679487187
254,255,808.0527547593699,577.3799060261302
255,256,808.0527547593699,578.4197284403681
256,257,808.0527547593699,567.0229251549241
257,258,808.0527547593699,582.0915849094993
258,259,808.0527547593699,566.1268955678094
259,260,808.0527547593699,585.6744204841041
260,261,808.0527547593699,577.9786369618772
261,262,808.0527547593699,573.5691789812089
262,263,808.0527547593699,598.6347545676624
263,264,808.0527547593699,596.0186776384971
264,265,808.0527547593699,586.1686817898296
265,266,808.0527547593699,608.9100077223661
266,267,808.0527547593699,607.7072071321224
267,268,808.0527547593699,608.0052250450718
268,269,808.0527547593699,608.3353940215209
269,270,808.0527547593699,633.7585032917443
270,271,808.0527547593699,615.7876909032846
271,272,808.0527547593699,627.2810726042826
272,273,808.0527547593699,622.7341436400114
273,274,808.0527547593699,627.834324282846
274,275,808.0527547593699,644.469275443654
275,276,808.0527547593699,630.5048155659473
276,277,808.0527547593699,651.8994786478182
277,278,808.0527547593699,621.4716324768652
278,279,808.0527547593699,624.3992168675422
279,280,808.0527547593699,635.3433430330131
280,281,808.0527547593699,638.2896501960273
281,282,808.0527547593699,621.2388229260341
282,283,808.0527547593699,622.3463946861618
283,284,808.0527547593699,646.4482833103763
284,285,808.0527547593699,640.2168314605191
285,286,808.0527547593699,656.7974353502603
286,287,808.0527547593699,655.1429965692713
287,288,808.0527547593699,663.8610339747011
288,289,808.0527547593699,661.8933346987783
289,290,808.0527547593699,664.1192820865372
290,291,808.0527547593699,675.4997054124349
291,292,808.0527547593699,665.6534912717555
292,293,808.0527547593699,653.9632542679352
293,294,808.0527547593699,709.082479164935
294,295,808.0527547593699,682.2414046913807
295,296,808.0527547593699,684.5818128556496
296,297,808.0527547593699,681.5543672949816
297,298,808.0527547593699,661.3128077146199
298,299,808.0527547593699,628.9364707292652
299,300,808.0527547593699,598.1961838212908
300,301,808.0527547593699,547.5766452246061
301,302,808.0527547593699,562.6732536132207
302,303,808.0527547593699,548.4237998344263
303,304,808.0527547593699,536.3632984611113
304,305,808.0527547593699,542.0906620624253
305,306,808.0527547593699,555.7207365808417
306,307,808.0527547593699,550.6596869702541
307,308,808.0527547593699,565.6343680536753
308,309,808.0527547593699,568.2888947835842
309,310,808.0527547593699,543.9317146452803
310,311,808.0527547593699,563.7095130781224
311,312,808.0527547593699,553.0282228962567
312,313,808.0527547593699,567.7664006258372
313,314,808.0527547593699,590.4666824024509
314,315,808.0527547593699,583.1228221804304
315,316,808.0527547593699,566.8788498176343
316,317,808.0527547593699,600.3385409216694
317,318,808.0527547593699,570.3257328656748
318,319,808.0527547593699,594.0500293922759
319,320,808.0527547593699,592.6155875355953
320,321,808.0527547593699,593.4584479698226
321,322,808.0527547593699,612.7331292421011
322,323,808.0527547593699,609.7105108683252
323,324,808.0527547593699,613.8063887986079
324,325,808.0527547593699,594.2300158473442
325,326,808.0527547593699,616.029263586775
326,327,808.0527547593699,614.2852944519552
327,328,808.0527547593699,633.7515168285369
328,329,808.0527547593699,609.9853017024902
329,330,808.0527547593699,611.6670241569507
330,331,808.0527547593699,630.3786220065214
331,332,808.0527547593699,641.1690943309347
332,333,808.0527547593699,614.3127491940916
333,334,808.0527547593699,645.0708199168465
334,335,808.0527547593699,641.3245892504845
335,336,808.0527547593699,634.7069411518298
336,337,808.0527547593699,639.9555057045673
337,338,808.0527547593699,639.0398686688502
338,339,808.0527547593699,621.3657348038201
339,340,808.0527547593699,632.0759492057026
340,341,808.0527547593699,650.5327362630748
341,342,808.0527547593699,668.3761562997572
342,343,808.0527547593699,663.9645388634175
343,344,808.0527547593699,649.7958790169939
344,345,808.0527547593699,661.0220187363914
345,346,808.0527547593699,671.6994773533709
346,347,808.0527547593699,634.6661719707556
347,348,808.0527547593699,658.5427691131799
348,349,808.0527547593699,673.1074285265111
349,350,808.0527547593699,674.0021570762872
350,351,808.0527547593699,693.0993257234255
351,352,808.0527547593699,650.605173662422
352,353,808.0527547593699,692.2964318614186
353,354,808.0527547593699,674.1126524862774
354,355,808.0527547593699,665.6604715137992
355,356,808.0527547593699,668.933164931235
356,357,808.0527547593699,649.4904397084129
357,358,808.0527547593699,704.2407255465507
358,359,808.0527547593699,709.35538803016
359,360,808.0527547593699,692.1106555728915
360,361,808.0527547593699,685.6565836204393
361,362,808.0527547593699,677.8757583031365
362,363,808.0527547593699,706.8505125853264
363,364,808.0527547593699,705.8546574033675
364,365,808.0527547593699,702.0674909493888
365,366,808.0527547593699,708.8089576962736
366,367,808.0527547593699,736.451049100673
367,368,808.0527547593699,683.7058053012959
368,369,808.0527547593699,671.9842445349184
369,370,808.0527547593699,660.8050117799999
370,371,808.0527547593699,678.7077212336658
371,372,808.0527547593699,670.8206656145321
372,373,808.0527547593699,649.8073444323342
373,374,808.0527547593699,639.7559626349675
374,375,808.0527547593699,610.5693987016957
375,376,808.0527547593699,562.7307388027194
376,377,808.0527547593699,547.0059144724556
377,378,808.0527547593699,548.356377525867
378,379,808.0527547593699,540.2028449013026
379,380,808.0527547593699,535.652107841861
380,381,808.0527547593699,539.9152799912529
381,382,808.0527547593699,537.3141490227365
382,383,808.0527547593699,539.0112765699313
383,384,808.0527547593699,552.067364959666
384,385,808.0527547593699,544.7443354654145
385,386,808.0527547593699,539.322139967175
386,387,808.0527547593699,530.0010535609242
387,388,808.0527547593699,543.8580704357223
388,389,808.0527547593699,556.8625483330009
389,390,808.0527547593699,552.0316672027423
390,391,808.0527547593699,564.3490638134587
391,392,808.0527547593699,554.0924631937967
392,393,808.0527547593699,541.6298053550993
393,394,808.0527547593699,551.1737249461787
394,395,808.0527547593699,555.6104405878503
395,396,808.0527547593699,545.8055943823035
396,397,808.0527547593699,545.5805125295708
397,398,808.0527547593699,561.3821930173978
398,399,808.0527547593699,551.7096841478376
399,400,808.0527547593699,554.1301420276511
400,401,808.0527547593699,550.9981919392949
401,402,808.0527547593699,556.2191670874545
402,403,808.0527547593699,571.7399751939814
403,404,808.0527547593699,566.7639453442805
404,405,808.0527547593699,570.9557921179376
405,406,808.0527547593699,567.1465749409089
406,407,808.0527547593699,582.5187590140441
407,408,808.0527547593699,567.3038647688877
408,409,808.0527547593699,570.9100093139563
409,410,808.0527547593699,578.2805827625543
410,411,808.0527547593699,566.4847900992667
411,412,808.0527547593699,581.22186384127
412,413,808.0527547593699,574.0781100676616
413,414,808.0527547593699,598.0365052469966
414,415,808.0527547593699,598.4546211852391
415,416,808.0527547593699,586.6697398766103
416,417,808.0527547593699,596.5677181557088
417,418,808.0527547593699,594.1377365282855
418,419,808.0527547593699,607.9483021340601
419,420,808.0527547593699,602.8545483830226
420,421,808.0527547593699,613.5590754817872
421,422,808.0527547593699,605.4698564008476
422,423,808.0527547593699,604.6590795427417
423,424,808.0527547593699,629.2554816443475
424,425,808.0527547593699,627.0437133949762
425,426,808.0527547593699,625.4528517078572
426,427,808.0527547593699,622.0780676404571
427,428,808.0527547593699,619.7918875751227
428,429,808.0527547593699,639.0106955980152
429,430,808.0527547593699,618.9664749627477
430,431,808.0527547593699,643.082069861994
431,432,808.0527547593699,637.2812927404855
432,433,808.0527547593699,645.9017226319074
433,434,808.0527547593699,648.5741766770104
434,435,808.0527547593699,647.1890279393424
435,436,808.0527547593699,666.208912235232
436,437,808.0527547593699,651.1877652318092
437,438,808.0527547593699,644.2272767092059
438,439,808.0527547593699,642.2012267963145
439,440,808.0527547593699,642.6625885738587
440,441,808.0527547593699,659.234953354928
441,442,808.0527547593699,652.2157134628019
442,443,808.0527547593699,672.3767951528628
443,444,808.0527547593699,686.7028145205904
444,445,808.0527547593699,644.328168725476
445,446,808.0527547593699,660.9628712062495
446,447,808.0527547593699,666.0564891422982
447,448,808.0527547593699,668.2336703585725
448,449,808.0527547593699,692.1147148366648
449,450,808.0527547593699,692.1563572622659
450,451,808.0527547593699,675.1197653250711
451,452,808.0527547593699,710.6673586194122
452,453,808.0527547593699,690.815194883155
453,454,808.0527547593699,690.0118491999611
454,455,808.0527547593699,693.8768179997966
455,456,808.0527547593699,696.9703846022402
456,457,808.0527547593699,708.493159720814
457,458,808.0527547593699,713.3548084108171
458,459,808.0527547593699,698.9333742503634
459,460,808.0527547593699,715.3678351774265
460,461,808.0527547593699,716.3605032986507
461,462,808.0527547593699,733.3874923273777
462,463,808.0527547593699,722.786720716563
463,464,808.0527547593699,691.320039734251
464,465,808.0527547593699,733.2859400538362
465,466,808.0527547593699,705.4389710024323
466,467,808.0527547593699,698.6899573929195
467,468,808.0527547593699,689.9937752697787
468,469,808.0527547593699,688.532359548119
469,470,808.0527547593699,692.5990450136067
470,471,808.0527547593699,691.7974359006557
471,472,808.0527547593699,693.9732960711996
472,473,808.0527547593699,706.965102722619
473,474,808.0527547593699,682.4878885645734
474,475,808.0527547593699,683.5962821319978
475,476,808.0527547593699,719.3290099848685
476,477,808.0527547593699,682.8716421122118
477,478,808.0527547593699,702.18079439083
478,479,808.0527547593699,687.7009505048529
479,480,808.0527547593699,710.6754824941788
480,481,808.0527547593699,693.6965478474935
481,482,808.0527547593699,719.5167883561669
482,483,808.0527547593699,725.5734849060013
483,484,808.0527547593699,691.2355137958326
484,485,808.0527547593699,694.5402360714419
485,486,808.0527547593699,709.2600497633176
486,487,808.0527547593699,731.7174532245632
487,488,808.0527547593699,731.6616496228797
488,489,808.0527547593699,696.8700680488366
489,490,808.0527547593699,723.472450792782
490,491,808.0527547593699,741.1605747909969
491,492,808.0527547593699,712.9401287075037
492,493,808.0527547593699,712.2574970096587
493,494,808.0527547593699,715.515787871225
494,495,808.0527547593699,695.5856842902931
495,496,808.0527547593699,720.8577125559817
496,497,808.0527547593699,689.9410889954094
497,498,808.0527547593699,677.4570638043431
498,499,808.0527547593699,625.2463452466488
499,500,808.0527547593699,592.5753077263713
500,501,808.0527547593699,577.1131985534234
501,502,808.0527547593699,560.7729594962666
502,503,808.0527547593699,555.2593401278806
503,504,808.0527547593699,541.2923338651349
504,505,808.0527547593699,539.6252887279572
505,506,808.0527547593699,538.4461901034019
506,507,808.0527547593699,533.6818620209649
507,508,808.0527547593699,534.1034610226418
508,509,808.0527547593699,554.2337791997825
509,510,808.0527547593699,528.8731540331097
510,511,808.0527547593699,556.7401345456155
511,512,808.0527547593699,529.2424138081111
512,513,808.0527547593699,503.72664309553085
513,514,808.0527547593699,530.0334791456969
514,515,808.0527547593699,533.0142224267918
515,516,808.0527547593699,569.5854897630419
516,517,808.0527547593699,572.6174156030347
517,518,808.0527547593699,568.8358161674249
518,519,808.0527547593699,579.974966526019
519,520,808.0527547593699,511.7339285169073
520,521,808.0527547593699,584.2498170932226
521,522,808.0527547593699,572.2870298376416
522,523,808.0527547593699,571.7703340386137
523,524,808.0527547593699,576.5783815028532
524,525,808.0527547593699,516.6053054330658
525,526,808.0527547593699,581.1637388412605
526,527,808.0527547593699,587.0521132521712
527,528,808.0527547593699,541.8562411356692
528,529,808.0527547593699,577.2500608692108
529,530,808.0527547593699,544.5599603942683
530,531,808.0527547593699,553.487581935008
531,532,808.0527547593699,582.2365672911067
532,533,808.0527547593699,564.3511721915557
533,534,808.0527547593699,517.252095699315
534,535,808.0527547593699,584.5520235096353
535,536,808.0527547593699,555.6154028631074
536,537,808.0527547593699,586.012487533904
537,538,808.0527547593699,557.3064318727168
538,539,808.0527547593699,593.2071636342404
539,540,808.0527547593699,587.9066820028956
540,541,808.0527547593699,564.1746245896147
541,542,808.0527547593699,557.5086721691041
542,543,808.0527547593699,589.1709653707856
543,544,808.0527547593699,558.4419737596206
544,545,808.0527547593699,557.8907005817757
545,546,808.0527547593699,593.3009860045538
546,547,808.0527547593699,558.9476539778236
547,548,808.0527547593699,593.7815145385424
548,549,808.0527547593699,596.5869439344611
549,550,808.0527547593699,562.9242005722823
550,551,808.0527547593699,597.9370369893037
551,552,808.0527547593699,566.6870977507112
552,553,808.0527547593699,605.7551259788718
553,554,808.0527547593699,602.1341820754567
554,555,808.0527547593699,602.145507249709
555,556,808.0527547593699,577.4074824519034
556,557,808.0527547593699,601.9010053555489
557,558,808.0527547593699,574.701209841128
558,559,808.0527547593699,578.1497544687878
559,560,808.0527547593699,579.4944570039715
560,561,808.0527547593699,567.1400815453716
561,562,808.0527547593699,582.5710469579457
562,563,808.0527547593699,614.1056563182444
563,564,808.0527547593699,611.6536024111106
564,565,808.0527547593699,581.0405510810244
565,566,808.0527547593699,581.3870397666162
566,567,808.0527547593699,588.9868373408235
567,568,808.0527547593699,580.9641333690058
568,569,808.0527547593699,585.3870211978843
569,570,808.0527547593699,596.7436415001648
570,571,808.0527547593699,614.1427285126035
571,572,808.0527547593699,617.7476812175433
572,573,808.0527547593699,603.927480185365
573,574,808.0527547593699,597.1007217723932
574,575,808.0527547593699,596.2324284703153
575,576,808.0527547593699,596.2461578511854
576,577,808.0527547593699,599.168878341183
577,578,808.0527547593699,600.4461955062989
578,579,808.0527547593699,593.1195218160789
579,580,808.0527547593699,598.6048357902257
580,581,808.0527547593699,599.6791235235548
581,582,808.0527547593699,610.750063682946
582,583,808.0527547593699,617.0659447038179
583,584,808.0527547593699,614.6922141548876
584,585,808.0527547593699,619.7676885031673
585,586,808.0527547593699,603.1608861005667
586,587,808.0527547593699,597.2788262251523
587,588,808.0527547593699,625.6373525557538
588,589,808.0527547593699,610.5329588644264
589,590,808.0527547593699,614.9403219490196
590,591,808.0527547593699,601.4507114254186
591,592,808.0527547593699,616.3058321446676
592,593,808.0527547593699,632.8156307899492
593,594,808.0527547593699,622.3574263841319
594,595,808.0527547593699,623.7145439391021
595,596,808.0527547593699,629.4654921663508
596,597,808.0527547593699,629.1045049780064
597,598,808.0527547593699,634.0450113822146
598,599,808.0527547593699,633.707826543042
599,600,808.0527547593699,605.1559640471039
600,601,808.0527547593699,619.222311325981
601,602,808.0527547593699,626.7939742711486
602,603,808.0527547593699,614.4551929642239
603,604,808.0527547593699,624.8232776286211
604,605,808.0527547593699,642.7908582363636
605,606,808.0527547593699,630.4821100715685
606,607,808.0527547593699,632.6863510491225
607,608,808.0527547593699,649.176629355153
608,609,808.0527547593699,639.7461786860325
609,610,808.0527547593699,657.0966002356854
610,611,808.0527547593699,661.1304327434713
611,612,808.0527547593699,638.6506257397081
612,613,808.0527547593699,624.5274520403603
613,614,808.0527547593699,660.8423873135405
614,615,808.0527547593699,649.3107599968148
615,616,808.0527547593699,639.274252759287
616,617,808.0527547593699,648.3604621873644
617,618,808.0527547593699,648.4730391404271
618,619,808.0527547593699,641.5973277664264
619,620,808.0527547593699,640.114097226864
620,621,808.0527547593699,649.1720231189096
621,622,808.0527547593699,652.8394543293587
622,623,808.0527547593699,649.4233855987017
623,624,808.0527547593699,647.8049448349294
624,625,808.0527547593699,680.8794623451085
625,626,808.0527547593699,648.0536824595281
626,627,808.0527547593699,652.9936107451606
627,628,808.0527547593699,659.7945041250368
628,629,808.0527547593699,655.3824035498233
629,630,808.0527547593699,655.5977610703213
630,631,808.0527547593699,703.1197067069419
631,632,808.0527547593699,652.7445683800418
632,633,808.0527547593699,658.4220609515248
633,634,808.0527547593699,660.217904920315
634,635,808.0527547593699,657.7268875347796
635,636,808.0527547593699,658.1513066910127
636,637,808.0527547593699,709.4581838800889
637,638,808.0527547593699,665.8634946308448
638,639,808.0527547593699,664.7452713490626
639,640,808.0527547593699,664.5030584205299
640,641,808.0527547593699,666.8538736083867
641,642,808.0527547593699,664.9078289972917
642,643,808.0527547593699,668.9868682579068
643,644,808.0527547593699,720.4405357917252
644,645,808.0527547593699,670.5280520588788
645,646,808.0527547593699,679.6040178653004
646,647,808.0527547593699,670.1020411513241
647,648,808.0527547593699,678.480003394853
648,649,808.0527547593699,688.0994648550302
649,650,808.0527547593699,742.9353851086937
650,651,808.0527547593699,671.6449346193731
651,652,808.0527547593699,739.3947168416005
652,653,808.0527547593699,674.3586009744643
653,654,808.0527547593699,673.9741749608519
654,655,808.0527547593699,677.0706325568276
655,656,808.0527547593699,678.7589581582985
656,657,808.0527547593699,693.1051321407067
657,658,808.0527547593699,756.0357061683391
658,659,808.0527547593699,756.9461063169917
659,660,808.0527547593699,679.614940047227
660,661,808.0527547593699,682.8535780391533
661,662,808.0527547593699,757.010539582352
662,663,808.0527547593699,768.0722594007822
663,664,808.0527547593699,767.19874876978
664,665,808.0527547593699,682.2682444355253
665,666,808.0527547593699,686.5208664236995
666,667,808.0527547593699,772.5377316147502
667,668,808.0527547593699,685.0397143499086
668,669,808.0527547593699,681.8250426743505
669,670,808.0527547593699,686.2727712468209
670,671,808.0527547593699,692.7202081825371
671,672,808.0527547593699,692.1104202074836
672,673,808.0527547593699,794.1367037845492
673,674,808.0527547593699,696.7374577320073
674,675,808.0527547593699,700.6198422693436
675,676,808.0527547593699,696.6660558695964
676,677,808.0527547593699,691.9092634350504
677,678,808.0527547593699,699.1659424424304
678,679,808.0527547593699,699.0481620547392
679,680,808.0527547593699,696.9929433051807
680,681,808.0527547593699,696.9414002855522
681,682,808.0527547593699,698.1405379590431
682,683,808.0527547593699,697.1689690962065
683,684,808.0527547593699,706.4326408824815
684,685,808.0527547593699,703.4661486762432
685,686,808.0527547593699,705.6026004629465
686,687,808.0527547593699,704.038774614389
687,688,808.0527547593699,705.5477705775174
688,689,808.0527547593699,707.8336911647317
689,690,808.0527547593699,707.5774610734619
690,691,808.0527547593699,708.7539721900068
691,692,808.0527547593699,707.1560325192028
692,693,808.0527547593699,708.9583125222669
693,694,808.0527547593699,709.8415627649829
694,695,808.0527547593699,713.523016921304
695,696,808.0527547593699,712.0003198129665
696,697,808.0527547593699,711.5241689831278
697,698,808.0527547593699,724.8883567130457
698,699,808.0527547593699,712.3652491601786
699,700,808.0527547593699,737.8702909438441
700,701,808.0527547593699,735.6638501308222
701,702,808.0527547593699,721.9127432328202
702,703,808.0527547593699,729.2385465894567
703,704,808.0527547593699,729.5694767830526
704,705,808.0527547593699,747.237284437783
705,706,808.0527547593699,876.0724813259956
706,707,808.0527547593699,875.0994544898931
707,708,808.0527547593699,733.7664108818115
708,709,808.0527547593699,899.1109287845311
709,710,808.0527547593699,725.0111128847992
710,711,808.0527547593699,725.8004552705765
711,712,808.0527547593699,741.0467677659735
712,713,808.0527547593699,749.1721120548527
713,714,808.0527547593699,747.6254100891267
714,715,808.0527547593699,753.7640287490377
715,716,808.0527547593699,752.1187417308321
716,717,808.0527547593699,758.1185090606571
717,718,808.0527547593699,778.8570546919011
718,719,808.0527547593699,758.2391668139547
719,720,808.0527547593699,735.8099057443269
720,721,808.0527547593699,759.1783553635521
721,722,808.0527547593699,762.9379844642897
722,723,808.0527547593699,758.8469612509887
723,724,808.0527547593699,757.7510354150785
724,725,808.0527547593699,758.4953575284483
725,726,808.0527547593699,759.0495961084433
726,727,808.0527547593699,782.2238184521287
727,728,808.0527547593699,785.1276683074672
728,729,808.0527547593699,785.3440152194547
729,730,808.0527547593699,783.8532546244394
730,731,808.0527547593699,781.1788077198551
731,732,808.0527547593699,775.1357241754878
732,733,808.0527547593699,776.3130087690705
733,734,808.0527547593699,781.3937792165849
734,735,808.0527547593699,789.2028176730416
735,736,808.0527547593699,788.3504254817237
736,737,808.0527547593699,797.3807378576032
737,738,808.0527547593699,782.7515853776245
738,739,808.0527547593699,759.6310780767063
739,740,808.0527547593699,755.7086836736624
740,741,808.0527547593699,750.3422258797666
741,742,808.0527547593699,746.7826957489073
742,743,808.0527547593699,740.8207000044584
743,744,808.0527547593699,722.3101258218077
744,745,808.0527547593699,708.0080380485355
745,746,808.0527547593699,717.3807800352544
746,747,808.0527547593699,701.2897427744335
747,748,808.0527547593699,667.8481084029618
748,749,808.0527547593699,641.7617165358396
