,K,befor,after
0,1,793.2163403473546,794.7833946055769
1,2,793.2163403473546,793.6025860444016
2,3,793.2163403473546,787.9313591405135
3,4,793.2163403473546,790.0720730716978
4,5,793.2163403473546,789.8953656165766
5,6,793.2163403473546,786.4677476850771
6,7,793.2163403473546,784.9955189003172
7,8,793.2163403473546,786.2001923076477
8,9,793.2163403473546,787.1326485576495
9,10,793.2163403473546,785.8177339431082
10,11,793.2163403473546,788.1758629970352
11,12,793.2163403473546,787.8045377326049
12,13,793.2163403473546,790.1125891801248
13,14,793.2163403473546,790.5754475935171
14,15,793.2163403473546,793.523877028951
15,16,793.2163403473546,795.4572096006298
16,17,793.2163403473546,795.6545316788691
17,18,793.2163403473546,790.1585602312033
18,19,793.2163403473546,799.3739296292704
19,20,793.2163403473546,793.2943667045766
20,21,793.2163403473546,793.8641983071553
21,22,793.2163403473546,794.4284866842356
22,23,793.2163403473546,794.2343638645264
23,24,793.2163403473546,793.3781457450311
24,25,793.2163403473546,793.4565628395012
25,26,793.2163403473546,803.4132008534091
26,27,793.2163403473546,796.3892081880928
27,28,793.2163403473546,792.0092743017609
28,29,793.2163403473546,803.5684035595024
29,30,793.2163403473546,792.200871768837
30,31,793.2163403473546,806.5161725505586
31,32,793.2163403473546,794.9544467229487
32,33,793.2163403473546,808.5161763797357
33,34,793.2163403473546,793.7389604619437
34,35,793.2163403473546,809.4159398063279
35,36,793.2163403473546,790.1219466758082
36,37,793.2163403473546,797.108538976267
37,38,793.2163403473546,813.4959190597172
38,39,793.2163403473546,790.6203019050545
39,40,793.2163403473546,794.304923911059
40,41,793.2163403473546,814.1470542418373
41,42,793.2163403473546,788.9071732497791
42,43,793.2163403473546,795.6792444197661
43,44,793.2163403473546,798.7171701222308
44,45,793.2163403473546,814.9437524624202
45,46,793.2163403473546,781.0840511123827
46,47,793.2163403473546,793.8212082878704
47,48,793.2163403473546,797.8864983056925
48,49,793.2163403473546,806.3926764831394
49,50,793.2163403473546,795.0197275143236
50,51,793.2163403473546,784.5157439403156
51,52,793.2163403473546,798.9287776029881
52,53,793.2163403473546,802.2133322071497
53,54,793.2163403473546,806.961415118786
54,55,793.2163403473546,816.100308389168
55,56,793.2163403473546,781.2160120132928
56,57,793.2163403473546,782.6613532024263
57,58,793.2163403473546,794.7884397871724
58,59,793.2163403473546,800.4824738340656
59,60,793.2163403473546,807.4698323161456
60,61,793.2163403473546,813.1988056981845
61,62,793.2163403473546,817.0839191831103
62,63,793.2163403473546,775.8674871873108
63,64,793.2163403473546,777.5300033118756
64,65,793.2163403473546,784.9389649139426
65,66,793.2163403473546,793.4213373194492
66,67,793.2163403473546,799.091211586184
67,68,793.2163403473546,805.2330763989384
68,69,793.2163403473546,808.610610191676
69,70,793.2163403473546,822.9656357738426
70,71,793.2163403473546,816.372028920803
71,72,793.2163403473546,769.1998444802451
72,73,793.2163403473546,773.2681506734168
73,74,793.2163403473546,772.9673682826685
74,75,793.2163403473546,778.34575040902
75,76,793.2163403473546,783.7655371064241
76,77,793.2163403473546,788.4107932058223
77,78,793.2163403473546,801.5351568463674
78,79,793.2163403473546,803.834315307687
79,80,793.2163403473546,805.4417536068228
80,81,793.2163403473546,807.5252661463344
81,82,793.2163403473546,816.8748291005037
82,83,793.2163403473546,808.0962957177868
83,84,793.2163403473546,749.5197363770092
84,85,793.2163403473546,750.7163235124096
85,86,793.2163403473546,757.77638437884
86,87,793.2163403473546,767.8212663635379
87,88,793.2163403473546,776.0477584902378
88,89,793.2163403473546,784.0584475483305
89,90,793.2163403473546,786.0970968933119
90,91,793.2163403473546,789.8835858334204
91,92,793.2163403473546,796.6031142738141
92,93,793.2163403473546,805.9852418033026
93,94,793.2163403473546,809.0899300946552
94,95,793.2163403473546,811.3581559252202
95,96,793.2163403473546,815.5427964160618
96,97,793.2163403473546,824.4260032005386
97,98,793.2163403473546,826.8253386860767
98,99,793.2163403473546,820.1990474823693
99,100,793.2163403473546,782.9118538993231
100,101,793.2163403473546,749.8864131842975
101,102,793.2163403473546,750.5708423290214
102,103,793.2163403473546,755.7664871114124
103,104,793.2163403473546,760.4278525976063
104,105,793.2163403473546,759.5360388944522
105,106,793.2163403473546,762.63712633809
106,107,793.2163403473546,766.2023902341605
107,108,793.2163403473546,773.5681379158134
108,109,793.2163403473546,784.6695878491842
109,110,793.2163403473546,788.6811084143262
110,111,793.2163403473546,792.1561628909595
111,112,793.2163403473546,790.7988033429694
112,113,793.2163403473546,794.878235422847
113,114,793.2163403473546,801.8214328663247
114,115,793.2163403473546,814.7068720730801
115,116,793.2163403473546,817.6196196174719
116,117,793.2163403473546,826.0234774774933
117,118,793.2163403473546,829.4736451455304
118,119,793.2163403473546,830.8497863849065
119,120,793.2163403473546,834.5770681241778
120,121,793.2163403473546,836.2811627471322
121,122,793.2163403473546,840.5410398511461
122,123,793.2163403473546,840.4911152157622
123,124,793.2163403473546,830.6568421515278
124,125,793.2163403473546,786.2671391329112
125,126,793.2163403473546,753.2473916302768
126,127,793.2163403473546,743.2592215390688
127,128,793.2163403473546,742.4346149535938
128,129,793.2163403473546,741.3249894798889
129,130,793.2163403473546,743.124366934734
130,131,793.2163403473546,744.5888604364084
131,132,793.2163403473546,743.8704509943447
132,133,793.2163403473546,738.7346505600926
133,134,793.2163403473546,742.3261477788471
134,135,793.2163403473546,745.3712379709643
135,136,793.2163403473546,748.5680172462481
136,137,793.2163403473546,754.8867517996276
137,138,793.2163403473546,758.0555620292001
138,139,793.2163403473546,759.0072918857916
139,140,793.2163403473546,764.0408544564295
140,141,793.2163403473546,767.3482230684531
141,142,793.2163403473546,767.933921648263
142,143,793.2163403473546,773.4946964626035
143,144,793.2163403473546,776.778799860416
144,145,793.2163403473546,782.8553270281958
145,146,793.2163403473546,792.4339839219501
146,147,793.2163403473546,798.6066216462256
147,148,793.2163403473546,803.878271025724
148,149,793.2163403473546,801.412451271506
149,150,793.2163403473546,804.8667968047528
150,151,793.2163403473546,810.075720965182
151,152,793.2163403473546,816.3177154142094
152,153,793.2163403473546,820.2546737689721
153,154,793.2163403473546,829.3945394393097
154,155,793.2163403473546,834.9834817713515
155,156,793.2163403473546,841.1142979452028
156,157,793.2163403473546,843.6664712741346
157,158,793.2163403473546,845.5643378205566
158,159,793.2163403473546,847.61068162155
159,160,793.2163403473546,842.6095962296534
160,161,793.2163403473546,844.6718127453902
161,162,793.2163403473546,849.2261879641871
162,163,793.2163403473546,856.6707115044167
163,164,793.2163403473546,850.175557693509
164,165,793.2163403473546,836.532716402482
165,166,793.2163403473546,806.4382932164519
166,167,793.2163403473546,745.7567755494408
167,168,793.2163403473546,723.2587852777378
168,169,793.2163403473546,704.8486977784794
169,170,793.2163403473546,701.224025705252
170,171,793.2163403473546,703.4350666397456
171,172,793.2163403473546,703.903651822864
172,173,793.2163403473546,702.9811165389299
173,174,793.2163403473546,704.4231311299461
174,175,793.2163403473546,706.7292657287924
175,176,793.2163403473546,705.190609381032
176,177,793.2163403473546,708.0865512586847
177,178,793.2163403473546,709.1284897706338
178,179,793.2163403473546,714.9231800944146
179,180,793.2163403473546,719.3843433708514
180,181,793.2163403473546,720.7068383457702
181,182,793.2163403473546,723.4167344959118
182,183,793.2163403473546,726.397710337333
183,184,793.2163403473546,734.1434462438109
184,185,793.2163403473546,736.0176670626187
185,186,793.2163403473546,739.7446948109435
186,187,793.2163403473546,740.2853534935226
187,188,793.2163403473546,745.759759863221
188,189,793.2163403473546,755.2115694992042
189,190,793.2163403473546,758.4536597551055
190,191,793.2163403473546,759.9214904574466
191,192,793.2163403473546,763.563606574575
192,193,793.2163403473546,761.6860838779335
193,194,793.2163403473546,764.3370780092174
194,195,793.2163403473546,766.9710186243324
195,196,793.2163403473546,769.9633056996556
196,197,793.2163403473546,772.9755645953264
197,198,793.2163403473546,775.341095594492
198,199,793.2163403473546,778.2602357365743
199,200,793.2163403473546,783.3820303450117
200,201,793.2163403473546,787.7447612069719
201,202,793.2163403473546,789.551687432043
202,203,793.2163403473546,795.0261115796857
203,204,793.2163403473546,796.6728595594861
204,205,793.2163403473546,800.4812062347927
205,206,793.2163403473546,802.9139305090966
206,207,793.2163403473546,808.0983125464659
207,208,793.2163403473546,810.8089962490865
208,209,793.2163403473546,814.8736945557505
209,210,793.2163403473546,817.0363231732974
210,211,793.2163403473546,819.0407389413938
211,212,793.2163403473546,821.4200917616414
212,213,793.2163403473546,822.918893341189
213,214,793.2163403473546,828.400615833689
214,215,793.2163403473546,833.0247868990289
215,216,793.2163403473546,836.8203238422157
216,217,793.2163403473546,838.059999542025
217,218,793.2163403473546,849.5892604950662
218,219,793.2163403473546,854.4374376754434
219,220,793.2163403473546,857.2930287402378
220,221,793.2163403473546,864.0994389244049
221,222,793.2163403473546,867.6086872049825
222,223,793.2163403473546,865.9368976798705
223,224,793.2163403473546,864.1674344963185
224,225,793.2163403473546,864.9256348284823
225,226,793.2163403473546,868.0870411715334
226,227,793.2163403473546,872.104898839682
227,228,793.2163403473546,878.040934743839
228,229,793.2163403473546,883.9229032867254
229,230,793.2163403473546,886.9805386208329
230,231,793.2163403473546,890.9515405385768
231,232,793.2163403473546,891.907669201313
232,233,793.2163403473546,899.6835508845392
233,234,793.2163403473546,902.8169841119568
234,235,793.2163403473546,904.4014362692849
235,236,793.2163403473546,908.6877375858863
236,237,793.2163403473546,907.7406547768365
237,238,793.2163403473546,908.7573810909511
238,239,793.2163403473546,912.3595724190197
239,240,793.2163403473546,914.7493155021868
240,241,793.2163403473546,911.5703719496478
241,242,793.2163403473546,909.8730823034808
242,243,793.2163403473546,904.4171131014989
243,244,793.2163403473546,902.2643709776315
244,245,793.2163403473546,895.632701784215
245,246,793.2163403473546,882.6090975360646
246,247,793.2163403473546,871.323300375484
247,248,793.2163403473546,848.341719789355
248,249,793.2163403473546,812.1563364157917
