,K,befor,after
0,1,740.8887852552737,587.8730755288539
1,2,740.8887852552737,566.2586935766489
2,3,740.8887852552737,555.0729797284581
3,4,740.8887852552737,548.8580672337321
4,5,740.8887852552737,547.797602120197
5,6,740.8887852552737,546.3150275705125
6,7,740.8887852552737,551.9857710468557
7,8,740.8887852552737,547.569175097688
8,9,740.8887852552737,561.7953757577121
9,10,740.8887852552737,553.6973261117604
10,11,740.8887852552737,552.1393875603201
11,12,740.8887852552737,550.6075634117741
12,13,740.8887852552737,523.8924799196859
13,14,740.8887852552737,509.66786155090375
14,15,740.8887852552737,507.5789624612218
15,16,740.8887852552737,500.0594849898599
16,17,740.8887852552737,480.0825869564163
17,18,740.8887852552737,478.60362426969203
18,19,740.8887852552737,469.4039707238115
19,20,740.8887852552737,476.5485423524693
20,21,740.8887852552737,457.16075600046196
21,22,740.8887852552737,465.31417225014076
22,23,740.8887852552737,447.82828986603255
23,24,740.8887852552737,432.2076682668994
24,25,740.8887852552737,441.3411036764343
25,26,740.8887852552737,450.10386376172676
26,27,740.8887852552737,464.7915744173989
27,28,740.8887852552737,426.6640777537397
28,29,740.8887852552737,444.00978374985226
29,30,740.8887852552737,456.18415525303845
30,31,740.8887852552737,435.58845367465455
31,32,740.8887852552737,427.01751311129675
32,33,740.8887852552737,442.68186418236144
33,34,740.8887852552737,424.46754617565676
34,35,740.8887852552737,435.70872818912676
35,36,740.8887852552737,423.71274034894867
36,37,740.8887852552737,419.6164491231554
37,38,740.8887852552737,418.14372086628117
38,39,740.8887852552737,389.6759204358099
39,40,740.8887852552737,419.34564875635834
40,41,740.8887852552737,421.37863272351694
41,42,740.8887852552737,388.1039914577092
42,43,740.8887852552737,410.73182378556703
43,44,740.8887852552737,412.14817646278436
44,45,740.8887852552737,424.96632646162027
45,46,740.8887852552737,391.20077525581587
46,47,740.8887852552737,398.38480245348313
47,48,740.8887852552737,433.0404460039009
48,49,740.8887852552737,412.4018147000155
49,50,740.8887852552737,404.72602769970075
50,51,740.8887852552737,405.42444769705753
51,52,740.8887852552737,395.33200284598144
52,53,740.8887852552737,421.42083973542395
53,54,740.8887852552737,429.59628221132846
54,55,740.8887852552737,407.4214487099128
55,56,740.8887852552737,378.5912561480351
56,57,740.8887852552737,394.7393326992524
57,58,740.8887852552737,388.6920078957952
58,59,740.8887852552737,411.4566517080042
59,60,740.8887852552737,412.8307833048574
60,61,740.8887852552737,425.4536050243437
61,62,740.8887852552737,410.3347580058959
62,63,740.8887852552737,374.549426006743
63,64,740.8887852552737,379.8415011831398
64,65,740.8887852552737,365.6727841017424
65,66,740.8887852552737,392.0455065523364
66,67,740.8887852552737,379.69978772529515
67,68,740.8887852552737,397.304624127272
68,69,740.8887852552737,412.29162755000397
69,70,740.8887852552737,415.90246272704445
70,71,740.8887852552737,374.38956486651557
71,72,740.8887852552737,367.6288998527249
72,73,740.8887852552737,359.958232123235
73,74,740.8887852552737,380.7244280256705
74,75,740.8887852552737,381.9353066816748
75,76,740.8887852552737,378.093567279115
76,77,740.8887852552737,383.277897246255
77,78,740.8887852552737,413.7502505686351
78,79,740.8887852552737,416.10792326471045
79,80,740.8887852552737,405.75762048759304
80,81,740.8887852552737,390.021523498652
81,82,740.8887852552737,418.753837867695
82,83,740.8887852552737,391.02266609782043
83,84,740.8887852552737,357.1939815727437
84,85,740.8887852552737,357.2628919672033
85,86,740.8887852552737,343.70027895940177
86,87,740.8887852552737,373.8929037881827
87,88,740.8887852552737,378.5793863786205
88,89,740.8887852552737,395.01805979805044
89,90,740.8887852552737,381.94580852124216
90,91,740.8887852552737,395.0848743040904
91,92,740.8887852552737,395.1910884747269
92,93,740.8887852552737,407.520819874671
93,94,740.8887852552737,393.4920812345334
94,95,740.8887852552737,404.23763532481274
95,96,740.8887852552737,399.7786114649647
96,97,740.8887852552737,423.0120035074348
97,98,740.8887852552737,396.1890124921464
98,99,740.8887852552737,385.4048797951492
99,100,740.8887852552737,365.2138325418904
100,101,740.8887852552737,337.2546268405614
101,102,740.8887852552737,355.8938162477971
102,103,740.8887852552737,336.204034840405
103,104,740.8887852552737,343.2142814014314
104,105,740.8887852552737,351.011808721429
105,106,740.8887852552737,353.7149739180724
106,107,740.8887852552737,368.6506812292115
107,108,740.8887852552737,373.3869217413043
108,109,740.8887852552737,386.30417779760427
109,110,740.8887852552737,407.6158324944392
110,111,740.8887852552737,396.8972741385648
111,112,740.8887852552737,385.40751409968925
112,113,740.8887852552737,399.001781402986
113,114,740.8887852552737,416.413196942574
114,115,740.8887852552737,400.65289166735295
115,116,740.8887852552737,401.8402508475857
116,117,740.8887852552737,425.0511129553993
117,118,740.8887852552737,397.9240842226983
118,119,740.8887852552737,428.06853785145495
119,120,740.8887852552737,402.773792354045
120,121,740.8887852552737,411.7156119973938
121,122,740.8887852552737,407.06698451445305
122,123,740.8887852552737,400.39382057547084
123,124,740.8887852552737,400.6127190132512
124,125,740.8887852552737,368.85077819689116
125,126,740.8887852552737,332.6990055615276
126,127,740.8887852552737,321.554967152405
127,128,740.8887852552737,329.5294336184242
128,129,740.8887852552737,354.0551419249015
129,130,740.8887852552737,342.60767607599195
130,131,740.8887852552737,352.67678818639934
131,132,740.8887852552737,358.12011839626905
132,133,740.8887852552737,360.3567743768348
133,134,740.8887852552737,358.1900728605937
134,135,740.8887852552737,365.8727126583724
135,136,740.8887852552737,361.91603554831414
136,137,740.8887852552737,369.5211427363507
137,138,740.8887852552737,375.58957709302433
138,139,740.8887852552737,387.5851363132669
139,140,740.8887852552737,387.1932377310881
140,141,740.8887852552737,388.6299294366224
141,142,740.8887852552737,390.39483490111013
142,143,740.8887852552737,376.8286510591443
143,144,740.8887852552737,397.35443081286
144,145,740.8887852552737,397.3106663966073
145,146,740.8887852552737,377.05366400594994
146,147,740.8887852552737,399.2997162306968
147,148,740.8887852552737,391.11690000452944
148,149,740.8887852552737,409.98077122170855
149,150,740.8887852552737,404.2898803206932
150,151,740.8887852552737,399.6406241690655
151,152,740.8887852552737,422.47221231598843
152,153,740.8887852552737,413.275822209913
153,154,740.8887852552737,425.19768928472985
154,155,740.8887852552737,428.4964797849554
155,156,740.8887852552737,427.20286680314365
156,157,740.8887852552737,417.4663458337248
157,158,740.8887852552737,429.4906128657888
158,159,740.8887852552737,432.56701644751365
159,160,740.8887852552737,441.9174146135333
160,161,740.8887852552737,417.7117417282101
161,162,740.8887852552737,418.9644007336391
162,163,740.8887852552737,422.63301929235934
163,164,740.8887852552737,438.43643712559
164,165,740.8887852552737,418.2750854696859
165,166,740.8887852552737,414.5697850108204
166,167,740.8887852552737,336.9291539310566
167,168,740.8887852552737,321.3588870198413
168,169,740.8887852552737,319.4216083706448
169,170,740.8887852552737,320.271799269658
170,171,740.8887852552737,328.5064390863969
171,172,740.8887852552737,340.032662327085
172,173,740.8887852552737,331.1814092740375
173,174,740.8887852552737,331.2967747506934
174,175,740.8887852552737,341.22225844781013
175,176,740.8887852552737,340.25398909111084
176,177,740.8887852552737,338.5754754390023
177,178,740.8887852552737,348.1174221110538
178,179,740.8887852552737,347.3873569458019
179,180,740.8887852552737,338.69934087073773
180,181,740.8887852552737,352.66883303860243
181,182,740.8887852552737,340.60537382358854
182,183,740.8887852552737,356.7927894461292
183,184,740.8887852552737,358.0480508469604
184,185,740.8887852552737,357.3743257547897
185,186,740.8887852552737,361.7456073002662
186,187,740.8887852552737,362.0925161307076
187,188,740.8887852552737,364.12036363176895
188,189,740.8887852552737,375.94988060963203
189,190,740.8887852552737,377.9956138387855
190,191,740.8887852552737,379.1410684375103
191,192,740.8887852552737,387.30912232096273
192,193,740.8887852552737,386.90257456612414
193,194,740.8887852552737,369.7601850459565
194,195,740.8887852552737,374.05562757093213
195,196,740.8887852552737,366.9756082478196
196,197,740.8887852552737,378.7317259292626
197,198,740.8887852552737,403.23923668371674
198,199,740.8887852552737,388.2248749565058
199,200,740.8887852552737,400.7100858044324
200,201,740.8887852552737,394.07742765429737
201,202,740.8887852552737,395.6123908958068
202,203,740.8887852552737,399.0303470187092
203,204,740.8887852552737,397.56010374808363
204,205,740.8887852552737,420.03616343254396
205,206,740.8887852552737,423.791936940941
206,207,740.8887852552737,418.57768021671126
207,208,740.8887852552737,423.9248538539524
208,209,740.8887852552737,377.9548418679933
209,210,740.8887852552737,429.7222062780781
210,211,740.8887852552737,436.86986444878556
211,212,740.8887852552737,387.3876071356923
212,213,740.8887852552737,459.1450604135054
213,214,740.8887852552737,464.8087095611025
214,215,740.8887852552737,417.11471785922885
215,216,740.8887852552737,418.8553004170508
216,217,740.8887852552737,480.59459610319993
217,218,740.8887852552737,487.03920044544293
218,219,740.8887852552737,420.02473550916545
219,220,740.8887852552737,408.95032063980204
220,221,740.8887852552737,408.54051410971095
221,222,740.8887852552737,411.5228560581987
222,223,740.8887852552737,413.14797496723696
223,224,740.8887852552737,411.2142462973373
224,225,740.8887852552737,415.8223528987026
225,226,740.8887852552737,411.87667616173167
226,227,740.8887852552737,449.22287519689655
227,228,740.8887852552737,413.25295782452423
228,229,740.8887852552737,460.6759527292067
229,230,740.8887852552737,420.0431855081888
230,231,740.8887852552737,432.3541582074343
231,232,740.8887852552737,475.2203954339898
232,233,740.8887852552737,438.5394306810837
233,234,740.8887852552737,455.9511473252784
234,235,740.8887852552737,489.79188712983995
235,236,740.8887852552737,497.3398290675327
236,237,740.8887852552737,464.053295445462
237,238,740.8887852552737,460.97742401336416
238,239,740.8887852552737,464.7625004083499
239,240,740.8887852552737,465.1700355810185
240,241,740.8887852552737,464.1937922431328
241,242,740.8887852552737,449.6141233743286
242,243,740.8887852552737,466.10605141428005
243,244,740.8887852552737,457.40623832368254
244,245,740.8887852552737,482.14310421614465
245,246,740.8887852552737,465.89349275725243
246,247,740.8887852552737,458.63359933401017
247,248,740.8887852552737,457.3897669743201
248,249,740.8887852552737,414.56378292717835
