,K,befor,after
0,1,1776.3865841048955,1776.1295788542732
1,2,1776.3865841048955,1748.2823726358606
2,3,1776.3865841048955,1742.1023092070252
3,4,1776.3865841048955,1731.6323709636904
4,5,1776.3865841048955,1732.840529086355
5,6,1776.3865841048955,1707.2275793840304
6,7,1776.3865841048955,1698.9369514195437
7,8,1776.3865841048955,1686.9693010268409
8,9,1776.3865841048955,1677.939429582378
9,10,1776.3865841048955,1663.6910921186204
10,11,1776.3865841048955,1661.8057764976431
11,12,1776.3865841048955,1627.791792364442
12,13,1776.3865841048955,1632.924259314857
13,14,1776.3865841048955,1604.685715735092
14,15,1776.3865841048955,1618.2090133279971
15,16,1776.3865841048955,1608.375469715797
16,17,1776.3865841048955,1601.313091902325
17,18,1776.3865841048955,1549.7776259964053
18,19,1776.3865841048955,1605.4353321218691
19,20,1776.3865841048955,1563.6097414267374
20,21,1776.3865841048955,1547.0548602433935
21,22,1776.3865841048955,1528.7983048800495
22,23,1776.3865841048955,1515.936411686555
23,24,1776.3865841048955,1513.8698220143483
24,25,1776.3865841048955,1517.8598168396952
25,26,1776.3865841048955,1545.060338418894
26,27,1776.3865841048955,1512.427438439897
27,28,1776.3865841048955,1485.6921148073648
28,29,1776.3865841048955,1548.3874635364314
29,30,1776.3865841048955,1488.5275415972617
30,31,1776.3865841048955,1528.8378688762486
31,32,1776.3865841048955,1489.7931393334325
32,33,1776.3865841048955,1509.5792348989391
33,34,1776.3865841048955,1453.2444014748703
34,35,1776.3865841048955,1520.1909506938296
35,36,1776.3865841048955,1418.4341249109716
36,37,1776.3865841048955,1475.5265555718684
37,38,1776.3865841048955,1500.3091817218124
38,39,1776.3865841048955,1448.1855349130324
39,40,1776.3865841048955,1450.9532405445202
40,41,1776.3865841048955,1482.0397678724978
41,42,1776.3865841048955,1398.7524030376492
42,43,1776.3865841048955,1439.5920819555677
43,44,1776.3865841048955,1465.9923516945848
44,45,1776.3865841048955,1474.4582782155026
45,46,1776.3865841048955,1350.8156236315324
46,47,1776.3865841048955,1412.2658303019662
47,48,1776.3865841048955,1463.6544790806558
48,49,1776.3865841048955,1485.13311533457
49,50,1776.3865841048955,1389.0353851557707
50,51,1776.3865841048955,1385.3080859068882
51,52,1776.3865841048955,1380.1611003082558
52,53,1776.3865841048955,1441.311221690323
53,54,1776.3865841048955,1474.7243825770943
54,55,1776.3865841048955,1469.94299273349
55,56,1776.3865841048955,1320.528334212737
56,57,1776.3865841048955,1349.443734101826
57,58,1776.3865841048955,1395.5012044302514
58,59,1776.3865841048955,1421.374089353569
59,60,1776.3865841048955,1447.1822373920804
60,61,1776.3865841048955,1449.2640648809481
61,62,1776.3865841048955,1455.6982151563157
62,63,1776.3865841048955,1304.404838991425
63,64,1776.3865841048955,1355.2298078229912
64,65,1776.3865841048955,1371.6843153096047
65,66,1776.3865841048955,1358.0505866310095
66,67,1776.3865841048955,1422.419525401997
67,68,1776.3865841048955,1426.3269274869713
68,69,1776.3865841048955,1436.4219387744995
69,70,1776.3865841048955,1435.338012498
70,71,1776.3865841048955,1401.4744404931084
71,72,1776.3865841048955,1300.313777506917
72,73,1776.3865841048955,1311.7651826050737
73,74,1776.3865841048955,1322.2567127922798
74,75,1776.3865841048955,1335.7832722431347
75,76,1776.3865841048955,1385.7924354805195
76,77,1776.3865841048955,1408.6365913818277
77,78,1776.3865841048955,1408.8273728057914
78,79,1776.3865841048955,1431.705907666806
79,80,1776.3865841048955,1437.4529291003714
80,81,1776.3865841048955,1468.179370666877
81,82,1776.3865841048955,1480.1991368607974
82,83,1776.3865841048955,1393.117078619651
83,84,1776.3865841048955,1256.049058966816
84,85,1776.3865841048955,1269.1592339337635
85,86,1776.3865841048955,1276.6646915325543
86,87,1776.3865841048955,1275.0438649744215
87,88,1776.3865841048955,1279.9621512762008
88,89,1776.3865841048955,1346.494905682097
89,90,1776.3865841048955,1350.2543773392213
90,91,1776.3865841048955,1363.131439400828
91,92,1776.3865841048955,1388.0662757694968
92,93,1776.3865841048955,1382.4890520126305
93,94,1776.3865841048955,1433.663656368597
94,95,1776.3865841048955,1450.0122884350046
95,96,1776.3865841048955,1485.240058588157
96,97,1776.3865841048955,1465.8170031798736
97,98,1776.3865841048955,1492.43025937481
98,99,1776.3865841048955,1429.585860931335
99,100,1776.3865841048955,1317.6177420187748
100,101,1776.3865841048955,1240.1013756037428
101,102,1776.3865841048955,1213.6766372914722
102,103,1776.3865841048955,1226.5509858006685
103,104,1776.3865841048955,1228.8409290491497
104,105,1776.3865841048955,1266.7730006901988
105,106,1776.3865841048955,1299.2524491890397
106,107,1776.3865841048955,1318.0528914168092
107,108,1776.3865841048955,1309.079231412235
108,109,1776.3865841048955,1326.3449004237043
109,110,1776.3865841048955,1327.8699592143337
110,111,1776.3865841048955,1375.5092921819814
111,112,1776.3865841048955,1406.508983388444
112,113,1776.3865841048955,1403.9505526885982
113,114,1776.3865841048955,1480.4959201375475
114,115,1776.3865841048955,1469.2688122328116
115,116,1776.3865841048955,1440.038054525104
116,117,1776.3865841048955,1463.146591736158
117,118,1776.3865841048955,1509.9287384938139
118,119,1776.3865841048955,1507.2519091067604
119,120,1776.3865841048955,1534.0311679936797
120,121,1776.3865841048955,1517.028396332382
121,122,1776.3865841048955,1498.851540227636
122,123,1776.3865841048955,1480.294109227399
123,124,1776.3865841048955,1402.9295112570103
124,125,1776.3865841048955,1308.1689591015988
125,126,1776.3865841048955,1237.8648161548035
126,127,1776.3865841048955,1173.1448862199145
127,128,1776.3865841048955,1184.3229276407992
128,129,1776.3865841048955,1161.853080049864
129,130,1776.3865841048955,1217.8693402165175
130,131,1776.3865841048955,1218.6508911751118
131,132,1776.3865841048955,1221.3133443852919
132,133,1776.3865841048955,1219.3204736748842
133,134,1776.3865841048955,1245.5401521724266
134,135,1776.3865841048955,1247.559080023428
135,136,1776.3865841048955,1300.9453326115606
136,137,1776.3865841048955,1296.2886154256419
137,138,1776.3865841048955,1283.0020852356809
138,139,1776.3865841048955,1311.2225371949207
139,140,1776.3865841048955,1307.5694897110866
140,141,1776.3865841048955,1362.416644151721
141,142,1776.3865841048955,1362.0310420421679
142,143,1776.3865841048955,1415.1911467756595
143,144,1776.3865841048955,1380.6037743614102
144,145,1776.3865841048955,1387.610951450142
145,146,1776.3865841048955,1467.493347893213
146,147,1776.3865841048955,1426.64553109722
147,148,1776.3865841048955,1461.2138787109043
148,149,1776.3865841048955,1490.3438060854176
149,150,1776.3865841048955,1500.9274415094637
150,151,1776.3865841048955,1559.5598055613038
151,152,1776.3865841048955,1543.1394716026803
152,153,1776.3865841048955,1570.3713812903004
153,154,1776.3865841048955,1546.4442991635558
154,155,1776.3865841048955,1623.0432247185388
155,156,1776.3865841048955,1639.3480042918716
156,157,1776.3865841048955,1608.9958616546928
157,158,1776.3865841048955,1594.2997544695947
158,159,1776.3865841048955,1598.304365607426
159,160,1776.3865841048955,1605.202306068269
160,161,1776.3865841048955,1567.5364422905373
161,162,1776.3865841048955,1547.7370949190554
162,163,1776.3865841048955,1509.839828183035
163,164,1776.3865841048955,1481.3761044108242
164,165,1776.3865841048955,1466.4400398747152
165,166,1776.3865841048955,1407.657932784104
166,167,1776.3865841048955,1294.9515641343455
167,168,1776.3865841048955,1210.0998182016215
168,169,1776.3865841048955,1186.288874593559
169,170,1776.3865841048955,1120.4531619215793
170,171,1776.3865841048955,1147.2020918339156
171,172,1776.3865841048955,1145.1249169948446
172,173,1776.3865841048955,1166.7541211864905
173,174,1776.3865841048955,1165.8466805026274
174,175,1776.3865841048955,1152.165567823186
175,176,1776.3865841048955,1187.2544822796856
176,177,1776.3865841048955,1112.9165928366765
177,178,1776.3865841048955,1176.4053846997883
178,179,1776.3865841048955,1216.7720683673585
179,180,1776.3865841048955,1239.5379501701568
180,181,1776.3865841048955,1202.5603541350908
181,182,1776.3865841048955,1222.9417356570723
182,183,1776.3865841048955,1213.9505770181693
183,184,1776.3865841048955,1254.2598806727437
184,185,1776.3865841048955,1279.7061669962309
185,186,1776.3865841048955,1269.0218591258563
186,187,1776.3865841048955,1260.6644060730312
187,188,1776.3865841048955,1260.560494562173
188,189,1776.3865841048955,1268.9840841508792
189,190,1776.3865841048955,1324.0285548310717
190,191,1776.3865841048955,1324.557759977043
191,192,1776.3865841048955,1320.4440151968695
192,193,1776.3865841048955,1356.356509155378
193,194,1776.3865841048955,1341.0233177518353
194,195,1776.3865841048955,1378.9348965892016
195,196,1776.3865841048955,1380.0041165873693
196,197,1776.3865841048955,1393.3613361056105
197,198,1776.3865841048955,1389.2029212337604
198,199,1776.3865841048955,1370.3752104811874
199,200,1776.3865841048955,1399.312040502568
200,201,1776.3865841048955,1396.5244874479704
201,202,1776.3865841048955,1424.4797618651544
202,203,1776.3865841048955,1402.3343667066902
203,204,1776.3865841048955,1432.2870365239332
204,205,1776.3865841048955,1424.03207755438
205,206,1776.3865841048955,1460.8399971119773
206,207,1776.3865841048955,1445.6042533356942
207,208,1776.3865841048955,1502.2910739221356
208,209,1776.3865841048955,1512.124318747136
209,210,1776.3865841048955,1489.8948373388425
210,211,1776.3865841048955,1536.054425266729
211,212,1776.3865841048955,1551.493219821127
212,213,1776.3865841048955,1560.8877308912902
213,214,1776.3865841048955,1577.1826081367822
214,215,1776.3865841048955,1554.1761329590238
215,216,1776.3865841048955,1560.056098752612
216,217,1776.3865841048955,1574.0898714352845
217,218,1776.3865841048955,1595.7241364693753
218,219,1776.3865841048955,1570.3360670318148
219,220,1776.3865841048955,1617.373182104779
220,221,1776.3865841048955,1634.1319751764333
221,222,1776.3865841048955,1642.2091308692895
222,223,1776.3865841048955,1641.8946410718931
223,224,1776.3865841048955,1658.1595637003593
224,225,1776.3865841048955,1689.5395672259747
225,226,1776.3865841048955,1727.8424092304733
226,227,1776.3865841048955,1854.6798313281645
227,228,1776.3865841048955,1853.2706948377643
228,229,1776.3865841048955,1764.7572544571406
229,230,1776.3865841048955,1829.7923572353338
230,231,1776.3865841048955,1873.2704963678975
231,232,1776.3865841048955,1895.1873659064102
232,233,1776.3865841048955,1945.4832979947264
233,234,1776.3865841048955,1977.627588724461
234,235,1776.3865841048955,1779.0714011342486
235,236,1776.3865841048955,2056.4199798142936
236,237,1776.3865841048955,2100.78448885036
237,238,1776.3865841048955,1869.9638031487139
238,239,1776.3865841048955,1697.169634811788
239,240,1776.3865841048955,1671.9469465793286
240,241,1776.3865841048955,1649.1003337062616
241,242,1776.3865841048955,1647.9793781547837
242,243,1776.3865841048955,1650.486961148506
243,244,1776.3865841048955,1620.5806101584853
244,245,1776.3865841048955,1607.1557542764028
245,246,1776.3865841048955,1576.4184348568674
246,247,1776.3865841048955,1543.057167369821
247,248,1776.3865841048955,1504.2665096738237
248,249,1776.3865841048955,1432.8936751321348
