,eta,befor,after
0,1,800.9837605967148,447.44405357297074
1,2,800.9837605967148,316.7653052347466
2,3,800.9837605967148,288.09106858391857
3,4,800.9837605967148,276.29752111469236
4,5,800.9837605967148,269.6547376351372
5,6,800.9837605967148,265.51833382622954
6,7,800.9837605967148,263.0887540083785
7,8,800.9837605967148,260.9882626573394
8,9,800.9837605967148,259.0483512930101
9,10,800.9837605967148,258.34158779550904
10,11,800.9837605967148,257.009650679185
11,12,800.9837605967148,256.39378486406474
12,13,800.9837605967148,255.59349527685035
13,14,800.9837605967148,254.84128971827636
14,15,800.9837605967148,254.14361488924928
15,16,800.9837605967148,254.10751913501076
16,17,800.9837605967148,253.5950823849722
17,18,800.9837605967148,253.12829587564124
18,19,800.9837605967148,252.85476967761255
19,20,800.9837605967148,252.63851332954314
20,21,800.9837605967148,252.3284205600114
21,22,800.9837605967148,252.1751659212684
22,23,800.9837605967148,251.92484162965707
23,24,800.9837605967148,251.74690372300557
24,25,800.9837605967148,251.5252468120778
25,26,800.9837605967148,251.34048761902204
26,27,800.9837605967148,251.12165803336921
27,28,800.9837605967148,251.0792703186547
28,29,800.9837605967148,250.98768046690697
29,30,800.9837605967148,250.79957565961882
