,eta,befor,after
0,1,818.1496150011183,495.9363144931707
1,2,818.1496150011183,359.3675726875639
2,3,818.1496150011183,331.0044170570257
3,4,818.1496150011183,318.08018168086903
4,5,818.1496150011183,311.48744445434284
5,6,818.1496150011183,307.68183396414025
6,7,818.1496150011183,304.56600875924227
7,8,818.1496150011183,302.15439817876705
8,9,818.1496150011183,300.9451175463288
9,10,818.1496150011183,299.22499023510204
10,11,818.1496150011183,298.1648545276719
11,12,818.1496150011183,297.61621394518045
12,13,818.1496150011183,296.6675506058731
13,14,818.1496150011183,296.0655592161966
14,15,818.1496150011183,295.49469909542813
15,16,818.1496150011183,295.0764686121555
16,17,818.1496150011183,294.82570424394385
17,18,818.1496150011183,294.44604870744166
18,19,818.1496150011183,294.071116767473
19,20,818.1496150011183,293.7372612334076
20,21,818.1496150011183,293.4114133173302
21,22,818.1496150011183,293.08622430760556
22,23,818.1496150011183,293.05269543384554
23,24,818.1496150011183,292.7716493274904
24,25,818.1496150011183,292.6029520633915
25,26,818.1496150011183,292.5309803896423
26,27,818.1496150011183,292.4029736055935
27,28,818.1496150011183,292.09344512337015
28,29,818.1496150011183,292.01836991666244
29,30,818.1496150011183,291.8910107090828
