,eta,befor,after
0,1,808.0527547593699,503.72664309553085
1,2,808.0527547593699,342.23412707523784
2,3,808.0527547593699,308.41090967815825
3,4,808.0527547593699,294.6152465488632
4,5,808.0527547593699,286.8407831460376
5,6,808.0527547593699,282.00696909668113
6,7,808.0527547593699,278.1415074152668
7,8,808.0527547593699,275.7622456902084
8,9,808.0527547593699,274.0262161537403
9,10,808.0527547593699,272.35057245181963
10,11,808.0527547593699,270.90895816607116
11,12,808.0527547593699,270.32829927739533
12,13,808.0527547593699,269.2960739170559
13,14,808.0527547593699,268.51275786225995
14,15,808.0527547593699,268.0308117295645
15,16,808.0527547593699,267.3714930533813
16,17,808.0527547593699,266.8329170591334
17,18,808.0527547593699,266.61256286853074
18,19,808.0527547593699,266.15325010943974
19,20,808.0527547593699,265.80381950807515
20,21,808.0527547593699,265.4676223255377
21,22,808.0527547593699,265.21817082404675
22,23,808.0527547593699,264.9858784201513
23,24,808.0527547593699,264.8750717004495
24,25,808.0527547593699,264.5436772929481
25,26,808.0527547593699,264.26321085557953
26,27,808.0527547593699,264.2052962587749
27,28,808.0527547593699,263.94097729834215
28,29,808.0527547593699,263.80255440713404
29,30,808.0527547593699,263.8050796301216
