,eta,befor,after
0,1,793.2163403473546,701.224025705252
1,2,793.2163403473546,617.6984199394115
2,3,793.2163403473546,502.9535265357925
3,4,793.2163403473546,429.34319538343425
4,5,793.2163403473546,386.93038667611825
5,6,793.2163403473546,363.2360070972225
6,7,793.2163403473546,345.78176065066975
7,8,793.2163403473546,335.48421686156314
8,9,793.2163403473546,326.30497568070047
9,10,793.2163403473546,318.93707487395324
10,11,793.2163403473546,314.8769935491699
11,12,793.2163403473546,309.84516537962907
12,13,793.2163403473546,306.76222036034414
13,14,793.2163403473546,303.5538272842173
14,15,793.2163403473546,301.1046439243108
15,16,793.2163403473546,299.57433213183793
16,17,793.2163403473546,297.49144642744125
17,18,793.2163403473546,295.54331665523875
18,19,793.2163403473546,293.5491332796231
19,20,793.2163403473546,292.94251191013865
20,21,793.2163403473546,291.32878129517553
21,22,793.2163403473546,290.5583118588773
22,23,793.2163403473546,289.8738892220432
23,24,793.2163403473546,288.81089384863
24,25,793.2163403473546,287.9401200766637
25,26,793.2163403473546,287.1524125445666
26,27,793.2163403473546,286.7461307781964
27,28,793.2163403473546,285.8116541751191
28,29,793.2163403473546,285.5930423658113
29,30,793.2163403473546,284.61369824881507
