,eta,befor,after
0,1,740.8887852552737,319.4216083706448
1,2,740.8887852552737,275.6909607954969
2,3,740.8887852552737,263.29643844360737
3,4,740.8887852552737,258.40180241415453
4,5,740.8887852552737,254.6936171327613
5,6,740.8887852552737,252.6129981969268
6,7,740.8887852552737,251.06872838068884
7,8,740.8887852552737,250.00821319996263
8,9,740.8887852552737,249.16478137481357
9,10,740.8887852552737,248.47152593953115
10,11,740.8887852552737,247.87477102971434
11,12,740.8887852552737,247.51288319148733
12,13,740.8887852552737,247.12123042548154
13,14,740.8887852552737,246.70709516392677
14,15,740.8887852552737,246.45041023617978
15,16,740.8887852552737,246.21002857694756
16,17,740.8887852552737,246.00298293320617
17,18,740.8887852552737,245.79746363423592
18,19,740.8887852552737,245.52257069492663
19,20,740.8887852552737,245.38483228603886
20,21,740.8887852552737,245.20287578552637
21,22,740.8887852552737,245.13400068641357
22,23,740.8887852552737,245.05601094160346
23,24,740.8887852552737,244.9371739210721
24,25,740.8887852552737,244.88740599173343
25,26,740.8887852552737,244.77403229179808
26,27,740.8887852552737,244.7509722897784
27,28,740.8887852552737,244.54845013149944
28,29,740.8887852552737,244.52228225628537
29,30,740.8887852552737,244.41437787452477
