,eta,befor,after
0,1,1776.3865841048955,1112.9165928366765
1,2,1776.3865841048955,778.9575340351125
2,3,1776.3865841048955,709.1905644359423
3,4,1776.3865841048955,680.7261021968925
4,5,1776.3865841048955,665.3646366060727
5,6,1776.3865841048955,653.8585800889111
6,7,1776.3865841048955,647.7410489566624
7,8,1776.3865841048955,642.5193941210612
8,9,1776.3865841048955,638.2775157829473
9,10,1776.3865841048955,635.3226717874138
10,11,1776.3865841048955,632.2854968215742
11,12,1776.3865841048955,630.3936876344347
12,13,1776.3865841048955,629.0608916302816
13,14,1776.3865841048955,627.0649749550885
14,15,1776.3865841048955,625.7678629162873
15,16,1776.3865841048955,625.229836543268
16,17,1776.3865841048955,623.8537939455783
17,18,1776.3865841048955,622.722052197838
18,19,1776.3865841048955,621.9470005037849
19,20,1776.3865841048955,621.595891609758
20,21,1776.3865841048955,620.9740249119715
21,22,1776.3865841048955,620.2696823797367
22,23,1776.3865841048955,619.9410126665367
23,24,1776.3865841048955,619.2201594417796
24,25,1776.3865841048955,618.7853354029716
25,26,1776.3865841048955,618.4101246836847
26,27,1776.3865841048955,618.1685888081214
27,28,1776.3865841048955,617.6753897527881
28,29,1776.3865841048955,617.5645658016232
29,30,1776.3865841048955,617.0747278646827
