"超参数K,eta=1",mae,wia,mape
1,0.0,0.0,0.0
2,0.0,0.0,0.0
3,0.0,0.0,0.0
4,0.0,0.0,0.0
5,0.0,0.0,0.0
6,-0.1745799564045818,6.808871983560172e-05,0.05732064711427842
7,1.6075962721106976,0.012092164956289397,0.6801260874112591
8,2.418068066743338,0.026285544603221078,1.6895810165726433
9,3.28067480008297,0.031203589200902604,1.3391569484968846
10,3.58608257060569,0.022017714064886562,1.6731163228090429
11,3.953290556999601,0.02377232771444404,1.748954646526137
12,3.975420837948427,0.03312244740135034,1.6316391288985344
13,4.0203938841777696,0.031078898042972536,1.7663699447129462
14,4.166627099620804,0.03568377092512437,1.8815589918795137
15,4.241102147821669,0.03307616777298772,2.0441400213486283
16,4.102624599504008,0.028347845558955254,1.853642539776402
17,4.018517000354095,0.03127349415361047,1.9248417376662692
18,3.9030949665677177,0.027395693179297853,1.6150569274028905
19,3.8585522162948536,0.035470618206470794,1.6619416432917786
20,4.026536307194741,0.031640804608273176,1.5936996997591315
21,4.032998952112543,0.034920219905796246,1.7749289523801304
22,3.7692111998017186,0.028347083311556,1.6337269065146547
23,3.575602235524487,0.032884179975368744,1.5574872262493251
24,3.635731132793147,0.03051337450735153,1.56882886940756
25,3.5715146914905542,0.031913861837160384,1.7301966734190088
26,3.340923533715797,0.02694334230959783,1.7304606309173405
27,3.3272205343422367,0.03023218510126252,1.5878085661677313
28,3.171213909656732,0.03206910628422788,1.6140651905508134
29,3.2149297913111354,0.03056895476929644,1.5392678009105811
30,3.079864119463263,0.029638046263518403,1.4568391523379747
31,3.019365059895229,0.031193480824351694,1.3135895687550185
32,2.8567284900668994,0.03395107696283278,1.4668582460594317
33,2.8384087972388095,0.030837802864176145,1.1522240547326037
34,2.833717548012931,0.027333783705580816,1.4072330414806462
35,2.828168289459782,0.028491070179727518,1.1085693628785336
36,2.6618056129813255,0.030690314508374783,1.3740610134489577
37,2.8596079950269875,0.0306501528335818,1.5009512076098117
38,2.8061344235480057,0.031735338093932586,1.5946296102360291
39,2.641993336351419,0.03161829763096785,1.119592068917255
40,2.56024895970873,0.028428775956931884,1.3557105511639156
41,2.551757068562665,0.030081068052104365,1.1046643046496412
42,2.6517891239831215,0.034664270280921616,1.446729341129485
43,2.4389710787498835,0.02897940028063356,1.3149050599713643
44,2.469117585059589,0.029315424538636947,1.2936029263867406
45,2.5649639817841354,0.031473268090398576,1.347030307836559
46,2.4045107787136395,0.029441254981937004,1.131576523268821
47,2.279775481883874,0.031049140817089482,1.1104197309154689
48,2.3651172631052475,0.03474024476544685,1.1267594541025092
49,2.4670155228069177,0.03329461077747364,0.9776083181689668
50,2.4086072395539624,0.031180901198418487,1.310534344138393
