"超参数K,eta=1",mae,wia,mape
1,0.0,0.0,0.0
2,0.0,0.0,0.0
3,4.208017200733586,0.019562258749726197,1.257390281251114
4,9.526493124170369,0.03115456447338877,3.134164730450432
5,9.728531395146916,0.020970504664823475,3.288653215976052
6,9.619478890820936,0.022499777589408132,3.1892351329098503
7,9.445751673245375,0.021427536890064075,3.0184425191555917
8,9.483111976377977,0.024381098513633487,2.991881806534498
9,9.647578706523856,0.02562221520044597,3.1036404204318844
10,9.538668149612828,0.025109113209558276,2.991591745959319
11,8.989008548609917,0.024170087739579016,2.700595408291341
12,9.186714080685999,0.02813214364499389,3.0906854687373455
13,9.198699817449672,0.029336510702849317,2.8663168238380043
14,9.117318801368707,0.028237259767233125,2.63243463752422
15,8.893732696570037,0.02910189268967861,2.8862485051695863
16,8.694989747144504,0.026060261124760564,2.8218163640574163
17,8.792977453182537,0.03353393791005457,2.652247616033482
18,8.407092740935632,0.030015384750326113,2.706758495440422
19,8.49171663257594,0.03584588565975094,2.754981051345159
20,8.472533038522311,0.03161276742388022,2.5576025555103117
21,7.9974756090463295,0.0292787583663931,2.2296639071770405
22,8.115284684312478,0.03284193765022542,2.600348704295566
23,7.7126741409088595,0.03152905300301248,2.2347802842804825
24,7.901742028792377,0.030844723475324548,2.387820523337969
25,7.728768467254227,0.036197743380632696,2.472848330899299
26,7.437152423605731,0.031822440925172335,2.3072537053722995
27,7.2058251293420525,0.027896239740074852,2.3981113060066903
28,7.477559641359278,0.035750462194028,2.4562756082820814
29,7.292680121792749,0.031068828418421623,2.1907535982323125
30,7.193786531479343,0.03077395488136142,2.279011258394938
31,7.083588440095536,0.029333722912675053,2.0345853603806967
32,6.658284354088693,0.03074877169604709,2.0945368008609195
33,7.1302382259217545,0.03611499378865049,2.1654338395799613
34,6.076487229041206,0.030796990800582513,1.6888723180030283
35,6.523803008771431,0.03348252093549811,1.978464069963299
36,6.365349511956616,0.03174421269286232,-30.967099672487024
37,6.279889706377105,0.03470372282642603,1.8137316639166672
38,6.208639188802845,0.03237623350516278,1.7541945151591065
39,5.924893521669112,0.03379063999758472,1.972338093617715
40,6.1028660958086896,0.03743036119721166,1.7563485602303581
41,5.920819731379908,0.030819130381287696,1.808209942403761
42,5.91255071674459,0.032890593278421476,1.7739244206802942
43,5.9309486464302665,0.032693264074050155,1.7903822215399972
44,5.996153013325127,0.031895793029929564,1.907401924284816
45,5.817876655428716,0.03248677125470617,1.6831829191893233
46,5.585939163279061,0.034709558845697985,1.560951423395271
47,5.417943184706267,0.03465938066376978,1.4860098925304186
48,5.516526978934376,0.029069013573346375,1.532887385050171
49,5.660316718288186,0.029438226794138822,1.441027552827098
50,5.520144697282358,0.028678927893515727,1.4226678789849156
