"超参数eta,k=6",mae,wia,mape
1,4.0753676633846325,0.00987872153891442,1.8064884590821038
2,4.547933554376161,0.014918764128905054,1.9135788964965883
3,4.7844845966030185,0.018408226978077397,2.1109220055610587
4,4.896998549600932,0.018663500974125086,2.112020430940455
5,4.972290479509828,0.019141626485560087,2.1780252832047173
6,5.027206796730265,0.020210640385026707,2.1829330822398347
7,5.066827302207864,0.020506183128350203,2.2173369283466213
8,5.090963305791853,0.02078535494383546,2.119340631498594
9,5.11562752012898,0.021042312224644616,2.211493196877974
10,5.1180711213942764,0.02120502665631005,2.2008192861981737
11,5.129659085195341,0.021548226835660017,2.133803484739823
12,5.142860884272693,0.021788939163956217,2.2240696304915635
13,5.156000739455962,0.02198347523321295,2.22772266086904
14,5.160391220278697,0.021743884097543437,2.2321522955846818
15,5.166154785276662,0.02175991816735809,2.2510611122507016
16,5.1701626432427314,0.021905668805279527,2.2450342209420793
17,5.176332096666551,0.022069797315495215,2.1889813106359095
18,5.176985391224958,0.021960283001347586,2.1050792241240392
19,5.181509602833334,0.02172513811063101,2.200196019296398
20,5.186195169386458,0.02195047667882513,2.2049269597117127
21,5.189769633944499,0.022055058700948177,2.2500970615215934
22,5.1946589904965315,0.02226998903296948,2.2565074277350634
23,5.193406326702025,0.02219885705113575,2.1869619088930206
24,5.196125156657343,0.02232945383971688,2.2570397660649943
25,5.196004642375527,0.022321310111728027,2.2568094988590546
