"超参数eta,k=5",mae,wia,mape
1,4.527033533511867,0.019842686423526212,5.211576059708696
2,4.712467023826479,0.02903274968425984,6.283141491438082
3,4.87212540181568,0.029544964433719123,6.300779726408157
4,4.95808168957236,0.02870245752398709,6.569100464574463
5,4.997214996356924,0.02825572912092561,6.745444592360769
6,5.0383867552585,0.028848299792467502,1.795335632511824
7,5.044731932009151,0.02780949296823998,6.954686528287317
8,5.061052187303014,0.028247918313546505,7.061953828741686
9,5.072806217992813,0.027962702745737256,6.940355874556538
10,5.068911077759447,0.026924525804327748,6.8550331001455955
11,5.0720821734901165,0.02674931663535368,7.0885759496701475
12,5.079844188362371,0.02707928232406509,7.057043008485062
13,5.095958814910583,0.02708678184808,4.433846677285347
14,5.087276856096807,0.026787414061116843,6.96815009262634
15,5.089776980736582,0.026297551916594386,6.836754496806831
16,5.085001265055906,0.026123830768983114,6.90622321758379
17,5.091454540606774,0.02605528456577849,6.8949393617919785
18,5.094329048247987,0.026161741156373153,6.885934287364108
19,5.092142624528751,0.02579756158246127,7.0111499362434255
20,5.094706436136404,0.02582581787892274,5.3639421759343495
21,5.09691685979411,0.025683874466088163,6.9210309611862275
22,5.09550255879269,0.025750803408669476,7.004525815935239
23,5.089525594865679,0.025674934474786415,7.006292671883179
24,5.095649390904773,0.02577182885763296,6.964720887418446
25,5.094052688778676,0.025778638052384117,6.997159433268324
