"超参数eta,k=15",mae,wia,mape
1,4.190395256446015,0.03263457319387181,2.233379107546922
2,4.677238728191167,0.04932879795082257,3.066078097755236
3,4.8803994229780425,0.05502624327087807,0.5153785977969481
4,5.003324696222366,0.058424063591038855,2.825012833693691
5,5.06799312877396,0.05998532527204753,3.200544461877918
6,5.114711163741333,0.062362323212909854,1.7505663793249084
7,5.1528675277520914,0.06320200168172607,3.1233489277234874
8,5.1727616763361155,0.06379376878640058,3.0920524203112123
9,5.190774426691345,0.06437902257227468,2.962356005607786
10,5.203071074213902,0.0647019746694682,2.0437390635926818
11,5.210155771729969,0.0652348810665051,3.083085151255867
12,5.222124981884088,0.06567168038956722,3.0817705642229463
13,5.227644743192421,0.06597376326973398,3.0937401696454945
14,5.237485010977709,0.06637765543807356,2.4621406710112588
15,5.2427484542763825,0.0666403368272645,3.0632658276576414
16,5.243847232149056,0.06645572230088415,3.100258812391953
17,5.24654405898438,0.06660101389928313,3.2256413899837693
18,5.255681812066783,0.06692220758158035,3.125813681918693
19,5.258240509353707,0.06718973256749378,3.044371070124882
20,5.259336507771216,0.06716125015032365,3.024417932301022
21,5.260302236270668,0.06722572695227841,2.7359060933230985
22,5.262321748447258,0.06718551295710123,3.1357342347512525
23,5.266373688421023,0.06732357756954566,3.119222133266062
24,5.265211780897607,0.06718573989707344,2.982369263685815
25,5.266721254379286,0.06755018340350188,2.7443216432557627
