"超参数eta,k=5",mae,wia,mape
1,9.734321691546307,0.02111280273793792,6.931590914609538
2,10.083449209366641,0.03821976479651348,7.427674710259474
3,10.454393776067871,0.04294362522111861,8.064051976872213
4,10.626408714903363,0.04587099677786502,8.253094821044556
5,10.743385510702574,0.04762230622341107,8.351908044799886
6,10.802508989554052,0.04863563193503245,8.35721168568309
7,10.839438707321559,0.0494428083274277,8.619470166753132
8,10.86556452815946,0.049771934781504906,8.572487407415162
9,10.885929799264396,0.050121607973630716,8.627673256470162
10,10.898683572648409,0.0505283478046786,8.632071552959344
11,10.903880803294296,0.05041363808937613,8.75127356229664
12,10.906938569788537,0.050874255486769326,8.672349924329136
13,10.919583562250292,0.05107431997185749,8.588429792552006
14,10.927663698684153,0.05129143799534985,8.805169007029818
15,10.933133957888199,0.0512789072402455,8.892168381886842
16,10.938272765242036,0.051526764523636026,8.80085779359246
17,10.939713300136944,0.05153136400367772,8.882427897926622
18,10.941510935401137,0.051461102323142605,8.874259788026407
19,10.947262814920695,0.051702152469404516,8.880756986826114
20,10.940580685601653,0.05159795542971435,8.893407138617727
21,10.942410029738951,0.05161325909878617,8.717211454713494
22,10.952858123179471,0.051668775563114167,8.840179311247105
23,10.9503140764228,0.05175291906535229,8.934147663727485
24,10.954387363791565,0.051664120298620025,8.971888504242264
25,10.949809030432593,0.05176986162066982,8.904515421063321
