"超参数eta,k=5",mae,wia,mape
1,3.9727596302594073,0.029206342758959836,1.5914917823943835
2,4.283440822676962,0.04057701591505242,1.7804012295203568
3,4.4704945724674765,0.04655295191376119,1.8968730848657822
4,4.598332157504027,0.049061641501871533,1.9107194422138867
5,4.649585835657609,0.05127774505424754,1.9766039653688576
6,4.706625662552458,0.05284713725540713,2.013437853559117
7,4.731329832289967,0.05339509781748536,2.0349150570281966
8,4.757232143078811,0.05427701484599773,2.069146477131232
9,4.771714141750527,0.05429161355716039,1.9571110083284537
10,4.783387019016969,0.054903994183609584,2.0678127631883623
11,4.791974434325791,0.05529077128584747,1.9900928883762488
12,4.803939941470876,0.055453202475079344,2.0391243941052855
13,4.811404517276619,0.05605869281139958,2.092718706988539
14,4.8211770378752075,0.05632751640994671,2.03689439893079
15,4.822915544215672,0.05642605745908269,2.104253260794093
16,4.827614956098387,0.05648625774215815,2.0336602861601483
17,4.832058470458538,0.056736961543501774,2.093136936090208
18,4.839467464607877,0.05692962708999583,2.1077841320725716
19,4.839188191763107,0.05682289445292016,2.032878113200473
20,4.8400973435356285,0.056979714051987596,2.100705545011032
21,4.841895225636771,0.05699085512487523,2.1134557692478086
22,4.844786295771078,0.05698541603529339,2.098934079284758
23,4.844850315205909,0.05717043156769919,2.066540469067282
24,4.8478228021951075,0.057260915253723454,2.1100378626424607
25,4.851967754872829,0.05717931340353749,2.108329717922405
