"超参数eta,k=6",mae,wia,mape
1,4.0753676633846325,0.00987872153891442,1.8437445856327326
2,4.547933554376161,0.014918764128905054,1.52552382375133
3,4.7844845966030185,0.018408226978077397,2.0703210267061873
4,4.896998549600932,0.018663500974125086,1.7388029440127513
5,4.972290479509828,0.019141626485560087,2.0326280336979314
6,5.027206796730265,0.020210640385026707,2.0750022955279714
7,5.066827302207864,0.020506183128350203,1.913215749393939
8,5.090963305791853,0.02078535494383546,2.110433651171819
9,5.11562752012898,0.021042312224644616,1.9050075388884666
10,5.1180711213942764,0.02120502665631005,1.9812835444096102
11,5.129659085195341,0.021548226835660017,2.130499482406824
12,5.142860884272693,0.021788939163956217,1.9168821900855155
13,5.156000739455962,0.02198347523321295,1.9543909748817239
14,5.160391220278697,0.021743884097543437,2.075451533431287
15,5.166154785276662,0.02175991816735809,2.016835878761052
16,5.1701626432427314,0.021905668805279527,2.168847394625568
17,5.176332096666551,0.022069797315495215,1.7108380874827533
18,5.176985391224958,0.021960283001347586,1.902082563809639
19,5.181509602833334,0.02172513811063101,2.0910304663927626
20,5.186195169386458,0.02195047667882513,1.9846476800651578
21,5.189769633944499,0.022055058700948177,2.0669521704702465
22,5.1946589904965315,0.02226998903296948,2.099339359180264
23,5.193406326702025,0.02219885705113575,2.0280633667492927
24,5.196125156657343,0.02232945383971688,2.142581554282086
25,5.196004642375527,0.022321310111728027,2.0440775969157636
