"超参数eta,k=5",mae,wia,mape
1,4.682727478437785,0.036188510106235916,19.870739179061232
2,4.999608476402631,0.05436092857709535,19.543982651819924
3,5.10946687542145,0.0604043426067884,21.15714111565631
4,5.213699118204229,0.06325575084420537,20.57891905734786
5,5.284614863580973,0.0648085349591736,20.079485651072076
6,5.337084258358086,0.06764411060449665,19.926519777787128
7,5.353115587336232,0.06837968921429666,20.453307517042226
8,5.350789851021144,0.06853842674200994,17.535150810704245
9,5.361670963866883,0.06922578172091931,18.905920107780943
10,5.377816180733204,0.07031612996064868,20.371260843823286
11,5.369425871579294,0.07059946794282879,19.770550454468022
12,5.372729706713194,0.07073824319103905,16.60788873719985
13,5.386429674045747,0.07112171073759233,17.13905116535514
14,5.390492312197232,0.07174953706994652,19.841438444529004
15,5.389110705420997,0.07122223193044364,19.915204865786293
16,5.394508861059979,0.0716206601626414,20.0349600999119
17,5.39286160920566,0.07158410985189778,18.645486326331714
18,5.397311311805193,0.07192803688508942,17.673632364919357
19,5.397264548785712,0.0720206792943962,19.52589474238335
20,5.398662118051227,0.07222905488826847,19.237654494322655
21,5.402334088720043,0.07240611226956001,18.757166440304324
22,5.397195575897852,0.07231326184637615,19.387913829444614
23,5.400894866628905,0.07237692147073227,19.54588107908134
24,5.401475053730923,0.07240066120676142,19.499202766195637
25,5.399047429682049,0.07243499047105262,19.954283318324947
