"超参数eta,k=15",mae,wia,mape
1,4.175401246551685,0.0324166369196634,8.220938409904324
2,4.6546192971366835,0.04918305964918074,10.644912934299585
3,4.848594920631999,0.05463050718981699,10.8289118883658
4,4.969082421203732,0.05763461240869561,11.601729444486066
5,5.039997730525938,0.05956131170803758,12.173132199493804
6,5.081510097038425,0.061623683542633756,12.387188124009779
7,5.116874767274769,0.06252037172599217,12.625442223612927
8,5.138242482992261,0.06318943361529555,12.60060706464761
9,5.1546483530052125,0.06375897261675045,12.764122260683067
10,5.171001004922198,0.06428919621402884,12.335138781158621
11,5.172364713431616,0.064541468060272,12.955037769688154
12,5.1877624237131155,0.06508515852580221,13.097436316892388
13,5.194209066889259,0.06537687562780131,13.028676738839797
14,5.196729464522345,0.06559500403266783,13.335048948253
15,5.205985066290982,0.06591652078188959,13.000102098817921
16,5.20777117631034,0.0657710700358956,13.256879874220079
17,5.210148157472084,0.06583314177786226,13.317716469171485
18,5.220322392199737,0.0663386726584389,13.284139411585967
19,5.222442511556185,0.06649383167237549,13.265274891675448
20,5.223899815335448,0.06653167742351973,13.136427699062857
21,5.223080356537821,0.0665436870071286,13.35098462451257
22,5.2263147462036645,0.06649168098141622,13.411071957864324
23,5.229132969086653,0.06663592958606745,13.411916720543903
24,5.229480272909903,0.06660829215210679,13.114361189314648
25,5.230731815794488,0.06681056338035207,13.322785129467198
