"超参数eta,k=5",mae,wia,mape
1,9.765026592490315,0.02101427791208013,7.975799003488909
2,10.078908403790642,0.0381588348063272,8.612588703162904
3,10.452005527817608,0.042939437184744855,9.35241569668085
4,10.623460647353962,0.04582889095675652,9.69864702551258
5,10.738460670047925,0.04750235666386979,9.810292854380258
6,10.797811471510009,0.04849064886880258,9.747096162465223
7,10.83901564711389,0.04939007687962921,10.116042004507436
8,10.861822642459739,0.04970124604133483,9.416707344933307
9,10.881743339208,0.05004693168319682,10.095933962288777
10,10.895024085647954,0.050460551265112674,10.188890979187319
11,10.900975667162239,0.0503331758597258,10.317508993538581
12,10.90449547549149,0.050807701261960214,10.276783199046996
13,10.9160724601102,0.05102754961772732,10.232156153174012
14,10.924581546562425,0.05121233524822,10.342852923486141
15,10.930233024005112,0.05122261859302099,10.511601742989924
16,10.936120829337547,0.05144636516378409,10.04025305434607
17,10.938820297258406,0.05150427648527153,10.476008991716668
18,10.938299218555574,0.05138998526242136,10.39777568472464
19,10.945090709968184,0.05163949495577516,10.440898276145463
20,10.939305763861384,0.051567727367963195,10.521265471202806
21,10.939963823102886,0.05153707178214706,10.426939032649013
22,10.950443502294661,0.05162062260976538,10.325067895215486
23,10.94853613985233,0.051707053291240396,10.557335144399582
24,10.951573009760946,0.05159391250957146,10.594816768267728
25,10.948470901869602,0.05172165915891819,10.313004031521988
