"超参数eta,k=5",mae,wia,mape
1,3.5230951617806223,0.02102496831915096,1.0201451501042698
2,3.762493924426673,0.02525655521789938,1.0374669068047426
3,3.915948238426047,0.02594828979527808,1.0753390121529627
4,3.986970652434895,0.026237862872201034,-0.01979633396759617
5,4.032763903078493,0.02622058308524372,1.1218202006617344
6,4.0647947906453155,0.026817876203893976,1.1329136832619806
7,4.068011096257951,0.02590227119886146,1.1160804598558807
8,4.0797819121743935,0.025805399934462903,0.5506625227728921
9,4.110627248345104,0.02649162079509887,1.152629818041527
10,4.112392683243712,0.026946747102316426,1.1681595856397853
11,4.11448583293042,0.025913385794999466,1.1525695871891721
12,4.118945665093154,0.02604504050826345,1.0865971846872235
13,4.124191666572173,0.025755444792506188,0.7730055324117249
14,4.12047406970877,0.025455651809957958,1.0521505792987669
15,4.122976425326831,0.025553631348963934,1.1242878506277445
16,4.130444744319254,0.025435177367193973,1.1347562943283225
17,4.130418238110792,0.025390714751792165,1.1406745046077997
18,4.136434458719846,0.025572947338354968,0.8596427333157317
19,4.140868114470841,0.0257877856349209,1.1410052679381897
20,4.141765168072565,0.025678821453510914,1.1611366958777358
21,4.144413223762612,0.025746229746017035,1.135325895742545
22,4.14113912074369,0.025569101064659816,0.9169546786957179
23,4.139156243558423,0.025504254958794437,1.1694560957210722
24,4.14249755619983,0.02567153647700099,1.1520904273099575
25,4.140917944589496,0.025540594739147826,1.1168180341299063
