"超参数K,eta=1",mae,wia,mape
1,3.552713678800501e-15,0.0,0.0
2,3.552713678800501e-15,0.0,0.0
3,0.5323217279963188,0.0015302947585648652,0.6866110446034597
4,3.4260088338842234,0.034113269663337165,1.2278679767727203
5,3.9727596302594073,0.029206342758959836,1.5914917823943835
6,3.6867815545691123,0.027728520649839328,1.4871927344220568
7,3.5772802815389912,0.029639252830177043,1.6268808747678065
8,3.432572428731479,0.02708439637388721,1.4289891086620212
9,3.4390499279213333,0.0272495346639402,1.5109847909161935
10,3.3224815778388717,0.025985325947396387,1.4580610833326233
11,2.866430217015637,0.020783706428331772,1.3766582040122444
12,2.7399718306691128,0.019904685405569722,1.345658476557566
13,2.971135685879231,0.029220061325717084,1.4380558796926302
14,2.69892627170516,0.02297670565058829,1.2631269392645565
15,2.3111611912661605,0.023607098394749615,1.173876456150162
16,2.5832836227361486,0.02262818991974691,1.1044917976995938
17,2.477291656005672,0.02368859755496522,1.2444373140079419
18,2.3878980598831383,0.025754985063033475,1.1441815619179332
19,2.2492641709904824,0.021659698575903108,1.1564409615288556
20,2.160471438250857,0.019750505450198463,1.060346628361959
21,2.2430073085217064,0.026675625764497835,1.1953221768603655
22,2.1056341228195024,0.020548678617238414,1.1448199827115912
23,2.002393515122167,0.01930966931200201,1.107990322957706
24,2.0886886635690534,0.026958892741271945,0.9748843650232581
25,1.9045000317276042,0.020472740610259055,0.8978228033582827
26,1.9225157759703464,0.021160225761394702,0.9269645078886155
27,1.8598945839683214,0.019874927167029266,0.7849576735010331
28,1.778886704626263,0.021569813261429815,0.8752146093517483
29,1.739698687421587,0.021225410354993868,0.9736905979922046
30,1.6586289557402552,0.017939399738248873,0.8405767867369232
31,1.6425360841727432,0.018285341068885408,0.9486224440881079
32,1.637783530944052,0.02080107850609486,0.9465370509812612
33,1.5968070928640827,0.02145860418511547,0.8708074880656795
34,1.5850361176752727,0.02370494693849745,0.9940666614890494
35,1.4741809052869428,0.019305986268179698,0.8777572433456786
36,1.4892444838318717,0.02125807460026302,0.7104705013774115
37,1.6155759394187257,0.02520042689658708,0.7768751859211882
38,1.4143284779830978,0.024091457239347802,0.7831814669385446
39,1.3478488521265994,0.025391446671213735,0.8001885524346672
40,1.2299113625709168,0.02182168005736379,0.8820500503969182
41,1.2525230384572446,0.02208240199929612,0.7942488562164458
42,1.076662889290688,0.017162315936744332,0.804355340985885
43,1.2284889723549917,0.01901224967441617,0.8427662257142057
44,1.290297554103205,0.020064980978032332,0.8980598962116515
45,1.2720843538922821,0.02048317309130865,0.9453241842116169
46,1.0599066528331598,0.020653649507088145,0.6881411057783211
47,1.1064030003975773,0.022440701049878053,0.7385208504557683
48,1.0256190751246343,0.021802152687660503,0.6503102974329931
49,0.9584567049813337,0.021172016603139665,0.646926376329997
50,0.9615466834184865,0.019944957645203765,0.6675547331373819
