"超参数K,eta=1",mae,wia,mape
1,0.0,0.0,0.0
2,0.0,0.0,0.0
3,0.5539502498603817,0.0073971886232241935,0.31885568720477764
4,2.8654562095004437,0.009674358381414144,1.0825956017092153
5,3.9662702067402478,0.008543321901505224,1.713656742192013
6,4.075367663384636,0.00987872153891442,1.8437445856327326
7,3.6679054843930956,0.014025149287375333,1.6509470708239382
8,3.823762565547419,0.014057218775033659,1.559146430942035
9,3.8120520656828276,0.015816052675182463,1.5023607326231412
10,3.639786172701367,0.01823720082402655,0.6764781219775511
11,3.4648369764027613,0.015171819094025013,1.5038705078939492
12,3.146684229575097,0.014672758119028101,0.8631926793805844
13,2.986480345770236,0.011508295704530852,0.9100415214196822
14,3.138387034861509,0.01901202146524375,0.6935794881171544
15,3.006149194386353,0.018498728826550043,0.7842943843125214
16,2.967132705019303,0.019567730951432966,0.9973216464043002
17,2.60808639203929,0.013760660600447866,0.8825090402527147
18,2.5903381270832107,0.016634886963743073,0.7898383796203365
19,2.576266113805282,0.014496758842581808,1.0195144427383864
20,2.46079954760231,0.017117072031892472,1.2042893104261347
21,2.435962071445868,0.015850231679797572,0.5807591924667221
22,2.54343853234532,0.01713323042112716,1.032590945094431
23,2.4703381474633126,0.017227194921514005,0.7822399276960894
24,2.404408053622749,0.01678801061403548,1.12421538125483
25,2.4621517815478597,0.016823892573014504,1.1188497563199356
26,2.2181676562277026,0.015385832365378965,-0.28575093817349284
27,2.1218385720372126,0.017555346921947462,-0.1550672899558947
28,2.0294896901356374,0.017138713379896503,0.6196968154080844
29,2.0327670965769897,0.018770430772305974,0.6619118183715225
30,2.1315957568891584,0.01773782604387683,0.8596245612292934
31,2.165918311753284,0.017476287864778922,0.9600519692743967
32,2.0779976033112106,0.01857720028922552,0.768740123690292
33,2.01186652016915,0.017189620561146063,0.2395249362530354
34,1.8325262145316685,0.014157472353289485,0.33358293950305473
35,1.905780526337221,0.018055610602655287,-0.3125417936631276
36,1.7747936595034375,0.016768139501093265,0.7882321259970659
37,1.8981172892706653,0.016826536479723236,0.552890163681802
38,1.9808916202553242,0.014727890330485799,0.5663692333371628
39,1.7472138496532885,0.020405771251372745,0.9133326521703955
40,1.7462974247004475,0.02011046380592571,0.9214706554165444
41,1.784797208868472,0.019950126934892537,0.782693550377819
42,1.6359323893402546,0.020249908794448795,0.7953281190840178
43,1.7420769231631859,0.022853740723670662,0.8094322030045804
44,1.5292175541471238,0.02011680587109496,0.12025029477781235
45,1.6225696950339241,0.021862518309804152,0.20122840947202025
46,1.4735728470405647,0.015636049739637198,0.5966801099634562
47,1.5514193414369757,0.016709866346854868,0.687447034399729
48,1.5679216443387567,0.016738449144443862,0.6597680744909304
49,1.4942277668784492,0.015178939278421982,0.5609369168697187
50,1.6561925431562443,0.019798768723652854,0.8022111791744475
