"超参数K,eta=1",mae,wia,mape
1,0.0,0.0,0.0
2,0.0,0.0,0.0
3,0.28019688013617383,0.01713811302756907,32.99169862918903
4,4.416554210810027,0.053919758877324586,24.31278323758086
5,4.682727478437785,0.036188510106235916,19.870739179061232
6,4.669557766808412,0.027664473566302472,30.524699984871077
7,4.470125192661074,0.02868450537351752,30.378108593618514
8,4.068103944599027,0.025500071168343907,21.358267053121956
9,4.195109633117088,0.029473624286422417,24.008279476196883
10,4.0190586887960755,0.024219722684941214,16.88590873792448
11,3.9274030731104705,0.0292917295981599,22.24910402209629
12,4.051769488049699,0.029771620649150232,18.973917032098434
13,3.735577690230844,0.029633185837869724,13.160782649536536
14,3.521941177706033,0.023458658244311925,27.999616104059378
15,3.7175212019062975,0.0227929593673189,11.354142120741898
16,3.5281302890647463,0.030663124219672655,20.71321976978372
17,3.4931994668273525,0.029648633849404582,19.559316220456694
18,3.4275720581505187,0.02213272828060353,21.755696152784523
19,3.6262638682816135,0.02719391780415409,24.537524740410213
20,3.38193428651336,0.018183741590219016,9.734120762914799
21,3.310774896984139,0.025903638030113585,13.329339401467514
22,3.2456918519799967,0.023151130344686743,15.304623780324306
23,3.0773285091203597,0.019908645542669967,21.291953979556737
24,3.0393206199217797,0.022627418895968254,20.42963068760418
25,2.9201542284088085,0.02444816257113014,15.451746897210867
26,3.1864731648216083,0.02602767991187599,21.954884900652544
27,3.200554579914435,0.02347438911166272,22.658738429118323
28,3.0550688205449585,0.021817168522070662,21.375559511097954
29,3.1422655757296134,0.024106243073648337,18.751522858964876
30,3.036782804799584,0.025780694087160105,23.19691232648917
31,2.8427885485294517,0.022845272983691822,16.12300667137346
32,3.1348261431078797,0.025634006267714282,22.167655084935
33,3.1227354855063982,0.02858699410523524,18.84278192504719
34,2.9359583726962217,0.022528196818643098,15.971180014946043
35,2.861582898296861,0.025632623136307264,16.39246789122889
36,2.557955926222302,0.018807304178756645,22.474798140414265
37,2.8026338677849605,0.025508728184700236,18.85346614975603
38,2.7122284085709385,0.028048695934076218,21.32752557031725
39,2.8354637190716705,0.02891394936491193,14.871098656444772
40,2.7803611649581583,0.028883720895699738,17.288856172015173
41,2.8136617136630786,0.026073189699195698,28.531368740194424
42,2.6442562856629976,0.02412814112271061,20.026357560637138
43,3.045878462005941,0.031113604188117316,18.309338911280342
44,2.6507670364306755,0.023491496761315345,9.83989434930507
45,2.4991950260637132,0.02025322216452402,23.993201802616845
46,2.2084778959769444,0.01490657180560051,8.481682551814629
47,2.5614547345185166,0.025561940650260184,15.447781255568607
48,2.6027093483743737,0.027745186219938378,14.012951132039532
49,2.5940120276534753,0.030156216994707885,15.127661629775204
50,2.733542501838384,0.03028637543462187,10.402271051242614
