"超参数K,eta=1",mae,wia,mape
1,3.552713678800501e-15,0.0,0.0
2,3.552713678800501e-15,0.0,0.0
3,3.552713678800501e-15,0.0,0.0
4,3.552713678800501e-15,0.0,0.0
5,3.552713678800501e-15,0.0,0.0
6,-0.16061355989221582,6.264162224878245e-05,0.05477876632696166
7,1.4789885703418406,0.011124791759786257,0.6439873171237807
8,2.167878852045618,0.023484800889224278,5.472516735120983
9,3.0852734186678106,0.02894319642490334,6.530312810928358
10,3.5161328513145964,0.019421109155784433,3.1107520640251813
11,3.938105565731828,0.024392385252087312,8.567386102018332
12,3.9032230219520354,0.02988978852418367,2.320331019397866
13,4.011007309498694,0.032555024326435644,4.238933803608909
14,4.162633055709925,0.0350140428319779,5.449889843844787
15,4.1754012465516865,0.0324166369196634,8.220938409904324
16,4.044283566472851,0.02706641958673911,6.453489843315147
17,3.9981301148364885,0.031222595604921355,5.8428050357324715
18,3.8440899520368426,0.025048483568121338,7.0631747978923265
19,3.8256144914407066,0.035224113612979224,8.649065204982282
20,4.006297773606013,0.03132596326635828,7.568440473969968
21,3.9697436558332857,0.0328093622327324,6.204049864523942
22,3.6841835882359817,0.025650988034403854,8.891595794026586
23,3.592063403610066,0.03295530104359107,4.036552024157171
24,3.6201571068982066,0.02843877102763892,6.859282179855114
25,3.5522198327809935,0.03129889926477458,5.849434250029471
26,3.376184418411569,0.028659267981928638,6.207976467366965
27,3.3565734663793645,0.03212708230057881,8.263369410470034
28,3.1497220402486334,0.03169232505161684,5.866103067150288
29,3.1485104851815287,0.03035835312138213,5.072719467788929
30,3.0827597630062122,0.02985619749321483,5.3285100674718535
31,3.023373004505025,0.028783921953936364,1.2689235589661507
32,2.7415457110800183,0.032626659481576115,-7.9577606143901605
33,2.7603148801011272,0.028095396033322007,5.515857057083128
34,2.8212344566469696,0.02799567532668823,4.30491364947483
35,2.745490304894922,0.02914968512909305,2.3718589673678743
36,2.5945096636831693,0.028030544914084354,3.5236593977152495
37,2.751318932418183,0.029814192820122376,-6.588622078427608
38,2.7353178490201913,0.028036302452968842,-7.876854156267363
39,2.587486724859822,0.03084079141548829,4.6158666980261245
40,2.6095461305147225,0.029106064853545055,3.7416467492280887
41,2.5446706931507848,0.027919668056596292,3.487809249513578
42,2.6356325978789705,0.035238889170776166,4.916248956470806
43,2.5215454380311613,0.028769040240895438,4.606988244601318
44,2.4501657699146406,0.028510507131241147,1.9652364483929858
45,2.483318572715717,0.031192185061817645,4.43826489441766
46,2.394197540921173,0.030405745102270232,1.146312147621206
47,2.312463005418035,0.028451018889242508,4.419042925426496
48,2.245528966130262,0.031861970959414176,3.2122336934392948
49,2.377839546314103,0.031748562738010244,3.719149231290036
50,2.342979440097203,0.030672902812781566,1.2700966987982945
