"超参数K,eta=1",mae,wia,mape
1,0.0,0.0,0.0
2,0.0,0.0,0.0
3,4.375689131137051,0.020995688312532096,6.540777076918111
4,9.53272186325723,0.03419510808668352,7.480770677389412
5,9.765026592490322,0.02101427791208013,7.975799003488909
6,9.689352443507108,0.022586208544449843,7.534894321112203
7,9.50319861218335,0.02145103621742231,7.252558184758177
8,9.500840923684954,0.024072131482353154,6.90802119557098
9,9.718411408966503,0.025250747480864116,7.596526092914299
10,9.589458195230069,0.025479463145447356,6.8095872199979635
11,8.996160922572646,0.023513169223749464,6.511648540214857
12,9.256202798109587,0.02797700403177339,7.040444261345728
13,9.182773501350862,0.02905440396403347,7.06060724440432
14,9.139164614246639,0.028360018939941972,7.250407214792002
15,8.90963772408535,0.0293902231095812,7.701411169400135
16,8.767484821820961,0.026711900068388778,7.506552418902604
17,8.792471303953185,0.03346087662535421,6.340685301090156
18,8.479093361364729,0.030440694087845194,6.406664438266249
19,8.540661530734631,0.0355736084776295,6.4761356192327195
20,8.513853455689887,0.03153209644604324,6.797414268378377
21,8.041160248321031,0.028911731147675757,5.18644322161297
22,8.166349850393729,0.03288561792616915,6.253761325784534
23,7.761775294118948,0.03172249155235321,5.47371610102771
24,7.899210444210347,0.031417641217341585,5.47331400128596
25,7.774239743358702,0.03538333045133002,6.632547382708626
26,7.526382150765475,0.03187422250759306,5.027948028573567
27,7.254879186320004,0.027618872815275253,5.374480656148194
28,7.4978924024706615,0.03597576709510425,5.604201692159931
29,7.19712454857363,0.031016861949894947,5.410004351930333
30,7.227605756905401,0.03064644732545549,4.883916677834554
31,7.062572953573458,0.02905229605360954,5.57310768280133
32,6.70527130070608,0.03038094887972706,5.28585497082968
33,7.096759257341937,0.035669897674384776,4.082636643373551
34,6.070138638720028,0.030010909656343343,5.481538103428896
35,6.517368850676483,0.03325571496469132,5.093752223389341
36,6.384677327074396,0.03201903012877297,3.73944995704743
37,6.287376717601308,0.033896219241780545,5.749615836321546
38,6.244412645847834,0.032513276235999866,4.153722427128191
39,5.893981419446316,0.032758493198799504,5.062556540368011
40,6.096665525998283,0.03735766593600351,4.978792944563189
41,5.915605239513315,0.03050348346075807,5.106053287846818
42,5.96639455959701,0.033728210699952965,5.4973979195342455
43,5.924962808046072,0.0323989148916779,4.3967869519971465
44,6.054106814743768,0.031888281573111465,5.1104983291686
45,5.803053153166939,0.031927936970397974,4.890739623498639
46,5.593515972309618,0.03421155018417224,4.9553250634723085
47,5.430940884323945,0.034399537448426304,3.781570753929792
48,5.532168546222316,0.02904728695332598,4.493415950041893
49,5.647163270719094,0.02932284722583109,4.545201128742539
50,5.5330389030197615,0.02841979588246532,3.231669018485068
