"超参数K,eta=1",mae,wia,mape
1,0.0,0.0,0.0
2,0.0,0.0,0.0
3,1.0477629837992453,0.007998384330577812,-0.4925105475875089
4,3.014515892262912,0.019986400919792868,0.12863281913762847
5,3.5230951617806205,0.02102496831915096,1.0201451501042698
6,3.285314374832179,0.024148320400672496,0.8642977303750947
7,3.163103814747217,0.03000458199872641,0.813273757560979
8,3.111993715847513,0.030582665322614555,0.725514717680376
9,2.786564929761898,0.02882202470754902,0.6897961214564683
10,2.558271612832062,0.022174178678685208,0.588629012447643
11,2.294758976866465,0.02489394547682844,0.5783102515454726
12,2.10335826984171,0.026635869306691207,0.547890331770581
13,1.9639544842659618,0.029273533613656588,0.5221303994388031
14,1.8165541859358747,0.029844958492553586,0.48892077982108884
15,1.7597837674181669,0.022522163073146362,0.4561740481027856
16,1.4979976382898563,0.023145755519906608,0.49874721608783457
17,1.4720272211211096,0.019986273063008653,0.30986023392982
18,1.3469110307818823,0.020621793713666903,0.2754424303740981
19,1.1991827809475133,0.021469023100310902,0.3393721471717317
20,1.3420205913469658,0.022105854832538963,-0.11001996283560889
21,1.0007405352802259,0.020631127867627497,0.31512205859762643
22,1.0474383785201695,0.024925891846295622,0.3599860720754182
23,0.8477035101413044,0.023656039104500315,0.16704505223701238
24,0.971655886322349,0.016897245008095862,0.1830149403075847
25,0.7791548088551004,0.020395117578682287,0.21822555147566947
26,0.7165119935970843,0.02302414142533471,0.1898916619304276
27,0.8485343870195621,0.024084231181976667,0.27490142013625807
28,0.8120699467334092,0.02331660810561137,0.22485522153940884
29,0.5296357447550548,0.022884668957219356,0.20148341027708483
30,0.3985643169327595,0.020816588135557368,0.1993488471718714
31,0.4501410463456246,0.018670300495785552,0.18173334617089587
32,0.5786716658301074,0.019837019359977337,0.07120879410621894
33,0.45099858614957,0.023013573624091233,0.053715059828167266
34,0.19192240452558096,0.01656201599992385,0.1468570648305927
35,0.32320262121939436,0.020477193495293255,0.12761194054216318
36,-0.032722114411143366,0.015667381545092618,-0.06086805002038531
37,0.03215838144394212,0.01868294987223118,0.12480632446959739
38,0.14609198131885393,0.017061279836898646,0.1560414550405258
39,0.1361373645099775,0.018063002827282182,0.08840640303538772
40,0.3171357252139373,0.021544095618357795,0.1603417257498032
41,0.2163914764549837,0.013893510281882182,-0.05967568011293878
42,0.23684187865793405,0.01857108259636947,0.13819635753525628
43,0.2882762917352011,0.020125841602852523,0.1095119613763873
44,0.2242341636758809,0.016304970942823738,0.09942754332830273
45,0.27832304248130413,0.019379846275404677,0.14756414621326108
46,0.3197950536170069,0.01728842339049058,0.062493698858107294
47,0.25021257522300644,0.021218884175908836,0.18939548897235792
48,0.2246805515169541,0.020522554441905705,0.24115543759862046
49,0.27584895070313564,0.019826813543254995,0.24471627714012456
50,0.16427844081662002,0.018482974061080015,0.1804525567022579
