0,1,2,3,4,5,6,7,8,9,10,11,12,13,14,15,16,17,18,19,20,21,22,23,24
0.0,0.0,0.0,0.0,0.0,0.0,0.0,0.0,0.0,0.0,0.0,0.0,0.0,0.0,0.0,0.0,0.0,0.0,0.0,0.0,0.0,0.0,0.0,0.0,0.0
0.0,0.0,0.0,0.0,0.0,0.0,0.0,0.0,0.0,0.0,0.0,0.0,0.0,0.0,0.0,0.0,0.0,0.0,0.0,0.0,0.0,0.0,0.0,0.0,0.0
0.49739765254289736,0.6220466920774932,0.5574944396286803,0.5855218004494311,0.5863653610544937,0.5796363166802223,0.5705286335976787,0.5856849185600268,0.580380449859625,0.5774061133339004,0.5708357992666713,0.5733429741224576,0.5705119838900821,0.5740113662800539,0.5635775921077872,0.5603601761991932,0.5733293729681037,0.5648560960482456,0.5683790801457143,0.56830699092232,0.5691073726481832,0.5695934997305621,0.5685291738193392,0.5667083538346489,0.5657092311919136
3.801626864078969,4.385767489569936,4.644297103960742,4.782413668802333,4.8541428283182615,4.951976800833052,4.958302638002113,5.013318463250439,5.043553582379827,5.056856870369485,5.066636235875308,5.077802910062367,5.10363103727493,5.116485855113531,5.114320381696391,5.1221745007536725,5.122900776316797,5.132499164575652,5.131384220400646,5.139869896418409,5.150936398965904,5.152767901630284,5.1471509713272745,5.1604539226235815,5.154783233536143
4.004843534030481,4.005394133080337,4.145083747834644,4.18757402720912,4.18477921617183,4.196736671098893,4.194798059547882,4.20833373651349,4.213652237586487,4.199057892427469,4.1924752061378125,4.193937743715704,4.1907185883093305,4.202993733529485,4.194149190923101,4.196448850523627,4.19253675992716,4.195331985662456,4.185678555440443,4.1834596140672975,4.185499943205681,4.187640137283097,4.1796244051803875,4.181994442427676,4.182869190574435
3.563179645280419,3.73673844297328,3.9303991195318737,4.02310999137895,4.039681535207945,4.067938572823566,4.1023884557275885,4.1081547308363096,4.1214305663856265,4.114217573311963,4.127769205224224,4.150544532190107,4.141420126921837,4.131550469497132,4.131193559401497,4.142797173644237,4.140265155662661,4.1505061030251476,4.149780365560435,4.147066126473007,4.143304270958758,4.153909736167186,4.145408611387813,4.145643484449007,4.149915189201607
3.4234293979240604,3.4163133298049697,3.5780503880630974,3.5471603334746185,3.5516085165381277,3.539968603346418,3.556207907770194,3.5441198716824616,3.522445463525006,3.518241854108741,3.5097511052779886,3.50136757264986,3.5044679696902445,3.508412757205571,3.508624514132636,3.498004009443406,3.4896125368080746,3.498491895696514,3.4877576169796995,3.487977438525741,3.4868379757317545,3.4793923609819046,3.4812944199178304,3.4795959194725565,3.4740414880851898
3.5910977598913476,3.6441435336468224,3.6968402099217847,3.735814234477928,3.725979783773626,3.7043201523517997,3.7180662659505437,3.712114748852354,3.701479356939023,3.6853797393718573,3.691615538773746,3.6740021107366108,3.671917181850512,3.6700435360935835,3.6583073517241456,3.670308797318736,3.66195180219853,3.657762780511387,3.6513261631407588,3.649806189096914,3.6528796360158324,3.6431071148604843,3.641612341910097,3.6494773929576994,3.6441898414048595
3.442451313115388,3.534360255205062,3.5893812592043908,3.6369555751255813,3.642072955131116,3.615493377866869,3.602961325729609,3.61196076729534,3.6121596853910347,3.587950107786032,3.6152928788086296,3.594582609683588,3.583170217332974,3.5933784036916947,3.586123591096129,3.574291550940279,3.569621331476771,3.5747474290796273,3.570924614953631,3.5651291765568054,3.5619887400342947,3.561358651892144,3.56200577131737,3.5620480944276807,3.556973293457144
3.2570567561620205,3.135800562321691,3.2596427794933582,3.264883708984989,3.2485245991233747,3.2300274985374973,3.231350211165072,3.202925457500017,3.220146689928688,3.198387890536768,3.190115060425189,3.183208070748968,3.1809145639208722,3.18495234736006,3.178926487925242,3.1766413238565505,3.166874085048633,3.1643633679194423,3.163782430958472,3.163968698825606,3.1590544757131482,3.1632878067953527,3.1607525391403826,3.1529634814733214,3.1492028847833815
3.0680788529096468,2.998512455547104,2.976032769485199,2.9724756385428126,2.9502125699236323,2.951731795731229,2.9283031474379726,2.89311343777827,2.888839928207645,2.881997966687461,2.8666614028001156,2.859255014775446,2.8367566364679107,2.83177149259693,2.826607354131177,2.820074891051016,2.8156532609264495,2.808448045251538,2.807126256529095,2.8037583715678505,2.807308992747675,2.798268186599948,2.793465366886272,2.7932512767556332,2.7906305654607007
2.440807140395897,2.432320905680088,2.351853895904103,2.3111055364815556,2.2521058961244016,2.2372366632958176,2.196962132809137,2.175142967942042,2.159936033167412,2.1362059664016186,2.122950380290556,2.0946837180215905,2.0830817360487117,2.0716431719129442,2.0766412674046713,2.061126844929243,2.053712879008339,2.053022588141795,2.046792850550215,2.0387254769982786,2.028539249691603,2.024771091862366,2.0180264999315902,2.0107960069862916,2.007907359813011
2.9795766700064092,3.0658621132829005,3.099179949505915,3.0740139851073103,3.08859946589118,3.086604811453027,3.0808288916056235,3.0793379164888535,3.060565778121113,3.06751921417556,3.0641258734368417,3.0407374959230946,3.044889739092225,3.0426821343635204,3.028410146036517,3.023371540503046,3.022468154683459,3.0279177599228007,3.0194343646552255,3.011185461660407,3.0105156680552128,3.0098358037908426,3.007980255450649,3.0057338056442813,3.0055717220655698
2.8001744191252698,2.857389913164832,2.859288708381442,2.8223764999918632,2.8251855889126,2.8152167458419406,2.795166187684339,2.782043478970582,2.7603253547751248,2.749013696868854,2.736409477302118,2.72945798158778,2.7264869654204826,2.7209616265252876,2.7180742199441514,2.705218669689538,2.6940161703042147,2.6996087223336467,2.699104170942988,2.6894745819894084,2.693176236122346,2.6873249266340533,2.685694762114313,2.6767527540527514,2.6686558593512046
2.5742833254443536,2.6665468347080754,2.628971651581466,2.606999174286564,2.590667394980237,2.575048079337014,2.5576047644504634,2.5276519147600016,2.5078498987435403,2.491993567927267,2.4970940730972124,2.4881785689737566,2.471083769319309,2.4697365228362447,2.4526615378071526,2.4641615026997172,2.447040252725758,2.44701953089762,2.4400737594566273,2.436499584851264,2.4345888677715344,2.4269386298774904,2.427705597807549,2.418626972671971,2.4164602530042973
2.729879989625543,2.8412369317361925,2.7701058779561833,2.745675993622527,2.7005086045987703,2.68057799384907,2.6438195256686345,2.6235711458235116,2.624876350707355,2.6005646389943013,2.575337651714486,2.576637185639461,2.569163332795222,2.5444279146600515,2.541765777534902,2.5382304485644713,2.533158120354546,2.5249193084216053,2.523192566437208,2.5183724298282932,2.5153291322588025,2.5065542106141443,2.504801270078886,2.50403641146902,2.4990005221072646
2.5341532765592696,2.6882899921247905,2.657587499754655,2.621564212110048,2.5987262259999504,2.561367099857657,2.537129038425391,2.523331659139174,2.5322565740396286,2.495507558357165,2.4923004409020972,2.4754647850988967,2.4650039326587283,2.4730091276601947,2.4558972839399917,2.4569721003715266,2.439389446588418,2.435265714036449,2.4362086227318613,2.433551223426072,2.421682979657527,2.43184171060064,2.414457083593099,2.4145896405301084,2.4041536358215048
2.5611293938815045,2.6918178793031196,2.695055390044363,2.7014836301037732,2.694257326126303,2.671137178576826,2.641311869266257,2.6674210267525886,2.6324982738149103,2.6282777535133732,2.6237475478096464,2.610566684549166,2.6071856362262515,2.609991281142154,2.5971972118937217,2.590655337971972,2.5893752035194666,2.5825466782943174,2.583517719460392,2.577477307081356,2.5786460472153543,2.567206403984761,2.5689873162011594,2.5675870882818916,2.5733197961240712
2.4251303402035216,2.5745906743176974,2.5501762247643853,2.5254821627060924,2.511622953936211,2.5123667359647364,2.4415526625013424,2.4577498019488004,2.4310200117110803,2.4144228713688136,2.4124017505140785,2.3895637652017037,2.3940846914154044,2.3956720479801703,2.371775236537804,2.3680432136737224,2.371707868569308,2.366782197228911,2.3618019127830276,2.3594963704781087,2.3539889085859844,2.3499596172281407,2.3415365616217088,2.341773959943099,2.3410295928945217
2.1876134749779226,2.2844625385315283,2.2469328611751997,2.2834060324290633,2.2352613820618927,2.218579730280398,2.1953397931986096,2.159917178184365,2.1611798062976675,2.143683705311087,2.132758161965228,2.1309530445770832,2.1216572518043613,2.1095754129586215,2.101204440110262,2.0967421278462695,2.085820961254708,2.083717268584829,2.082303697833666,2.0802963344848298,2.0670498922682725,2.068878283957929,2.0692134662231236,2.0582202644506182,2.0656847152849913
2.274362070506628,2.4786352812578514,2.3424883650227954,2.3541503481678436,2.3079660963018824,2.3026583239804346,2.269927760841041,2.226406795855363,2.236278399545892,2.222230082175198,2.2050215349059084,2.202583077513797,2.185779137190572,2.1902109792264213,2.178122087839835,2.1642218494416134,2.1658139303545454,2.158526008248776,2.149500984185062,2.150143007973437,2.1435175881876045,2.142627483260643,2.1324766995469453,2.1330279277022406,2.1268700789835915
2.1896561761932087,2.2653715256493143,2.1816918859436285,2.1408887085803823,2.1430180003494588,2.088499287468764,2.0679582671789642,2.061845146633239,2.039582289074806,2.0278081381156063,2.0164686323444627,2.0000025191219564,1.9893812998329317,1.9797198339034914,1.972861112741004,1.9607719330770035,1.9606029203824953,1.9545508162931284,1.9612899176724508,1.9495883497894368,1.9399760647394828,1.9376049375632842,1.9301578617998079,1.9317134442753847,1.9327507515016826
2.039433823269979,2.202135140051361,2.1069855033684437,2.0788450349206755,2.0514252279716576,2.066740046922412,2.0515884556479147,2.0196081092025793,2.00083486651657,1.9859420633966742,1.9672916009143364,1.9765143320066585,1.9602130099716746,1.9606400120615959,1.9498944423835844,1.9515087225484322,1.9419290790364947,1.9361307431630976,1.9267329718853716,1.9303134508699902,1.925727984334019,1.923906539603271,1.9122283358391812,1.9181233085796876,1.90820596613373
2.0736441935637835,2.2171171704476773,2.12843611102962,2.136529642239884,2.134493455464842,2.0979164456523023,2.0710270766604424,2.076922746338429,2.043894861515213,2.031336666545318,2.0191166825151967,2.0028824346151524,2.0099026290567927,2.000754613086258,1.9844633760369383,1.9810642235922238,1.9786554697506258,1.9818158163706396,1.976093356964764,1.96229039272243,1.9598823147874977,1.9549659618287833,1.9488491250012867,1.951190542077212,1.9434989682932322
2.182945323318453,2.353171973511156,2.356293878909085,2.3626592353794074,2.3408754307724884,2.345704020426158,2.331050341505314,2.309658261052295,2.2992803049867767,2.278326858363629,2.2571350904384175,2.2758257907727284,2.2630996098237013,2.2616800595063733,2.235064196446018,2.246282384032897,2.235861562449598,2.23166659495811,2.2343419071511956,2.2286089582539894,2.227190075199651,2.228298703640675,2.2204840361642244,2.2127711618297496,2.211081785225769
2.0892824591731447,2.321628671968064,2.265862176615771,2.262795766329784,2.2506250735296547,2.197545995537862,2.21104784771585,2.1929004805762666,2.178009807090749,2.167309160489989,2.154447524115879,2.1382375501922173,2.131343203439272,2.125009148272845,2.1402402705747186,2.121000133661271,2.1112510798234236,2.114855391335702,2.1041242011490358,2.094015053703977,2.096051772346069,2.093525696816256,2.0896386545415826,2.0903062260047776,2.091017989902273
1.9399190657982395,2.026781611236885,1.9455450392921296,1.9035306187138836,1.8622716202479275,1.8301331243488796,1.7936701613083166,1.7857308314044644,1.76312093079407,1.728932925193245,1.7107615152833233,1.6900434099451296,1.686091759439691,1.6918045473355967,1.6830512867890768,1.653290021049635,1.654617537175831,1.6459021739360793,1.6355763753417953,1.6390466856063632,1.6361713941898017,1.6225572677745,1.6326310731737799,1.6170996374425606,1.6174229933667021
1.9616539000098285,2.110078860232038,2.048832378832836,2.038247170504235,2.0308570954840324,2.0142452275949907,1.9870210311798697,1.9862912270408657,1.9539448468814342,1.9550521119540107,1.9341547879831928,1.9415209383443681,1.9340111963009239,1.9245933561249124,1.9159787113773508,1.9014890340561657,1.902046528865732,1.9051911113487705,1.8981625605553791,1.886622578737537,1.8803461073278331,1.8773503569828662,1.8838015658251308,1.8782041380644365,1.8765888243608941
1.7966577022720838,1.9109091969191958,1.8582805509887095,1.8460445521073332,1.811062628253664,1.7695695385336734,1.7576578288992835,1.756423816177545,1.7314039836115604,1.7161432711224478,1.7168353314512395,1.6957247190452485,1.675797716672971,1.6681766637549273,1.6519442130492727,1.6615879355157297,1.6512286252381507,1.657556096482665,1.6331135182174457,1.6383587020922619,1.6321468120524685,1.626722846310198,1.6224652965990423,1.617067856519693,1.614689889721678
1.9773450947014588,2.1166410884554843,2.0275268550313683,2.002322436998771,1.9751943494911082,1.9430875355935946,1.9221079935576633,1.8935939240690036,1.902959716657639,1.890588478744462,1.8573971283071735,1.8536307012922606,1.8411468136024691,1.8416924031105602,1.8302646664850553,1.8228910652384336,1.8151365095265817,1.8059367806728694,1.8011681932801658,1.8006405745138352,1.7987577205944234,1.7911017587145892,1.791035557244399,1.7820179390476518,1.7846363791753497
1.5363497631604126,1.7609915964978384,1.6143652646415845,1.549228642990247,1.5361623578106567,1.5431829953868466,1.5102040377924482,1.500643159005751,1.4866889632560358,1.4637129237043567,1.4401549941704488,1.4230041571296503,1.4291623511635443,1.411281382931616,1.4173660793865217,1.3888919164919464,1.388985777316293,1.3894719861199007,1.3770938534826946,1.3769190135441,1.3792983620905304,1.377193189165073,1.3632960763533042,1.3672901104210133,1.3606497910361028
1.9550994285001195,2.154657512144972,2.148245510003349,2.1538621844279824,2.1313801620379955,2.1311971091607553,2.1173957529967993,2.094846770698986,2.068103897104754,2.054044964787664,2.0601128235983897,2.060275996074351,2.0344349512487696,2.038561031595229,2.039682931174262,2.032343892299574,2.0267271191583305,2.0248031481553515,2.0219142896183406,2.0204025816293427,2.021572773250286,2.009759791227534,2.001807382528524,2.0082256549925965,1.99548964739731
1.6883747396229687,1.8178438870843046,1.741746453407064,1.7095084461920784,1.673358681070912,1.652536376704365,1.6175810878218257,1.604329625716236,1.5940633022440274,1.559768172430978,1.542261329863635,1.5389204668447647,1.521981649643248,1.5230932523015177,1.508777794897675,1.501429673939338,1.5033701253299085,1.492684532673053,1.4877608984634563,1.4919268279359805,1.4807286939157542,1.4697454754547472,1.4645141120190992,1.4644996898180942,1.4648398777527554
1.894178304953467,2.1104928844578907,2.0560516204369854,2.092655022737924,2.0617666857942254,2.0295750786600593,2.0029993739418437,2.033542674465714,2.0180971221295216,1.9867013849555715,1.9744758093236996,1.9609790586006355,1.969130421630915,1.970124645810012,1.9576793629471663,1.9491263768420595,1.9526839510524354,1.9515250796432912,1.94056616731228,1.9329661208488425,1.928758007941159,1.9311087302575984,1.9209951459012604,1.926063540789162,1.919063546036897
1.5715820904936777,1.779214699662358,1.6172135203150617,1.5953811324353246,1.6281337441854902,1.5804251141443082,1.54905888253872,1.526908864466943,1.523203551023439,1.5050761600596054,1.4890955005662256,1.4693743237803822,1.4637797681275977,1.4598508693412846,1.459604217307401,1.4505824099758904,1.443390324012558,1.4314293458473308,1.4332858040258571,1.4252918113421416,1.4219482750770815,1.4175996753487254,1.4078587279566008,1.405249495477964,1.4038850044626443
