0,1,2,3,4,5,6,7,8,9,10,11,12,13,14,15,16,17,18,19,20,21,22,23,24
0.0,0.0,0.0,0.0,0.0,0.0,0.0,0.0,0.0,0.0,0.0,0.0,0.0,0.0,0.0,0.0,0.0,0.0,0.0,0.0,0.0,0.0,0.0,0.0,0.0
0.0,0.0,0.0,0.0,0.0,0.0,0.0,0.0,0.0,0.0,0.0,0.0,0.0,0.0,0.0,0.0,0.0,0.0,0.0,0.0,0.0,0.0,0.0,0.0,0.0
0.26555965252109726,0.3377150562763678,0.35614967284062393,0.36903098810540147,0.37405126456027116,0.3939271116017329,0.39243807686785903,0.38144218932140284,0.3977588250749955,0.4029429174156096,0.3954015610020738,0.4038651474397077,0.40166403515031623,0.40688372786118343,0.4087530210840207,0.3961769685760905,0.4080598903705219,0.31185137084876224,0.40876695207221214,0.413232636684179,0.41420633845964705,0.40902114052461425,0.3828303354085585,0.40009041871369044,0.41245043270003245
0.19499176487026482,0.29621551309350824,0.10540447252384055,0.2810265626230253,0.22346986543755243,0.3052628003950453,0.11195279012845205,0.28512622731173387,0.22306255216131543,0.2540323631803263,0.20941863309999675,0.22704053500466514,-0.7233352817492689,0.18867584371393065,0.25723113499443784,0.21312207555460283,0.24444957386810717,0.1457966570899405,0.24688975945275082,0.21619166034835047,0.2452583683687708,0.2308598002827189,0.24933321433336886,0.21985126394383325,0.12019137901681276
1.3304777811211705,1.333409623318218,1.4045357818432835,1.4041149386670675,1.3505613630990427,1.405386060288944,1.431382784057016,1.3884975991022852,1.1656219625192334,1.411851570148701,1.400089483640536,1.3673965115823266,1.3808711797774804,1.4078363249375414,1.4232697236465355,1.368698296615102,1.3586069484592427,1.4045090504359488,1.2781832969160893,1.4293195289232692,1.3776890676353806,1.390332864029074,1.4098682743990834,1.4016815143233248,1.3946045759728358
1.0710714948731632,1.161178857517832,1.1087786296671842,1.240863174043671,1.1930012995514558,1.2712064976533113,1.2727754693796633,1.0320049330865526,1.2664743490783676,1.2351575302016897,1.2798283409092535,1.283291497262665,1.2541793863435355,0.7837037791146946,1.2877088168558188,1.2764715975145657,1.3062893998202392,1.2485700933115305,1.1720696872449032,1.290893223491091,1.2840055483672685,1.2613924922958604,1.289690974527677,1.11131524919608,1.1262574366829856
1.133389907148631,0.8796743460642569,1.1414798762512008,1.0324910038795814,1.1001959147159788,1.1612444355086646,1.1459000132995758,1.1619528576946125,1.106815924416165,1.1568999185508035,1.0397757462858515,1.1119777965761246,1.162723391855864,0.4778260348647523,1.0857391679638702,1.1174235507324153,1.0621054074486427,1.1047784517365953,1.1148470457484625,1.1315806244752231,1.0738813841391623,1.0735805873444915,1.0423028480126,1.0429416648496321,1.1311578400123898
1.0619135910067028,0.9885309536252671,1.0065442188606841,0.9564598165982199,1.0053800736311285,0.7044301423121189,0.9928807694149286,0.9328379711940711,0.983633874128127,0.9923601334736221,0.9930871505951897,1.0029318099507614,0.76240915028899,0.9941953265059262,0.9925607860342929,0.979092318832298,0.9553787635204998,0.9509822094069249,0.9483646337821834,0.8798103254097125,0.34268183645689376,0.8723185784766376,0.9754453812273001,0.958904661355958,0.9512754498285019
1.070612863048341,1.0459127714950425,1.0483544383943597,1.0587589474545793,1.0735333969206327,1.0336157469927443,0.9953827949631577,1.0587824063873357,1.063290205412725,1.0573497793916875,1.0630561862170662,0.9699318823785914,0.5317117008750323,1.0544288644179018,1.0109423910021378,1.0473263222101274,1.0175358268623658,1.0261073777696934,1.032005218297623,1.0148738335853524,1.038002694768943,0.38716166544289576,1.0098984760576548,1.0111307270194718,1.0138934144089857
0.827684955024222,0.6860358150057673,0.672880489510729,0.6982957218762573,0.6817318624936695,0.6593667425782832,0.567741254278006,0.5805650781132607,0.5777870730318173,0.5943362768983231,0.6127590533358251,0.6263577038203203,0.6447489058644602,0.6207017896362252,0.5896627471970879,0.621707138128309,0.562148980949007,0.5983605434542159,0.4990399706451565,0.4954454448568413,0.5864018383779968,0.6199891016889536,0.6152024828164215,-0.15914448428349104,0.5086763217822865
0.8982193774061087,0.8219450164527071,0.6864223746756868,0.712250752080207,0.8317311214694172,0.8214077562978002,0.6691295902509085,0.822017609921704,0.6861750424241921,0.7319439056953883,0.816169389410268,0.7710158135087353,0.7899818319063696,0.7985233738483455,0.7310147828730909,0.005478662475310259,0.8124942561543111,0.6623486782990327,0.7492474202945818,0.6915092186841028,0.6990730594124401,0.6667414996090333,0.7776788509727903,0.7425872865492935,0.761902078362855
0.7003680121369049,0.8271059671686976,0.5536100654491625,0.5884076501161006,0.7923394057235584,0.7235459285980648,0.6049170855634878,0.7149469609607104,0.6782297025167869,0.6691435605155571,0.7041487174446459,0.722762398570358,0.393199860004509,0.7092116955873511,0.6520178568967858,0.6483226683502785,0.7033928318258376,0.6885577575816075,0.7013794463157828,0.7031486086330752,0.675041807512569,-0.04274387721660311,0.6868308096502758,0.7023964646811467,0.7000940769884303
0.9638596297727329,1.0557732982593357,1.0364538512313741,1.034212985095397,1.0468204177658826,1.0562953708805791,1.0545666091602248,0.9531345733965697,0.9837534776735657,0.9963638131134371,1.0254220271243426,1.0203463091257463,1.0279338070139898,0.8292293612074753,0.8266090457210415,1.0172067238297373,1.0133667685678223,1.0077737040348058,1.0044126569467982,0.9075651093778254,1.003341289231023,1.019847610317227,0.9726506410227027,1.0192799874613865,0.9609070040154535
0.8532214404406449,0.7765556068191959,0.7932400663851484,0.7937845454824308,0.5943922774253201,-3.304281656073732,0.5636873785650676,0.6118026351277965,0.7333622620263855,0.6567238088415568,0.7272163658253246,0.7352799415412781,-1.347041376786768,0.6140070501715318,0.7053168649131223,0.6963029968298029,0.6425590488487982,0.6702735595845315,0.7059404626166446,-0.7140825802129918,0.6526016380226443,0.65242744334207,0.7152489618034998,0.6581007489270929,0.6803871289666406
0.757859821924808,0.6105795369201492,0.6925010222423671,0.7304553401825453,0.6675031145058581,0.6969406850829598,0.5090728411497465,0.6476763553540978,0.5996936797862791,0.631807274820428,0.6215388755693585,0.6692158708066795,0.5569740555105476,0.6588716759749893,0.634680022585643,0.6459544493044271,0.6192864947492684,0.48452958544713187,0.6320247822633025,0.5363864514306265,0.5708445050965807,0.4856430465704462,0.6017495517734472,0.4065678590190833,0.6171879923408401
0.749741590679764,0.7455747744035794,0.48440086458426457,0.5345520861534303,0.6575168972422301,0.5579985549913564,0.589555948149953,0.6097434657231657,0.5192906719913797,0.45763776497622466,0.5842414198001551,0.610462130092611,0.02867206545105283,0.5942376635602731,0.5265166171122697,0.5389911768241875,0.583119390019712,0.524299584788678,0.5905416019918048,0.49806698372405256,0.4584212696530807,0.5862005258529668,0.5097898286317153,0.5926077782113888,0.5767700279615045
0.7427125033462332,0.776196166352261,0.7351269383235643,0.7709350142276001,0.6605114669764642,0.710882899981427,0.7098046123626132,0.6588419734614241,0.4652805519819525,0.6806131425875517,0.6662660189957905,0.5897844042799063,0.6339309615659916,0.48381332490810536,0.6469327662692406,0.650514218118043,0.5442954125707882,0.637083260672255,0.332486694000099,0.48066335588536635,0.6241306259873713,0.6458531053507457,0.6277648376582761,0.60869390528915,0.6459235611322982
0.6089752037164322,0.6122524340312756,0.5838775256747635,0.5860654891802817,0.5681929258828124,0.2584395774193249,0.5850976606852978,0.5646283975244462,0.5344740960511274,0.44475147475164967,0.5156176381151543,0.1587661835679821,0.46540812486865946,0.3964283779610591,0.5331791450835395,0.5471453962369961,0.5531046077590993,0.5614776597156186,0.41974800634301257,0.553948368190829,0.514948927140991,0.502156843769046,0.49808654038535716,0.2574933854481838,0.29196135087653774
0.756554302430164,0.8009694992134282,0.8292826845493941,0.8270041009212967,0.7922986660561335,0.8178048949949535,0.7579412308665887,0.6959758681775696,0.7885501258801852,0.7724415088903309,0.3588045308595902,0.7629261372502283,0.7348752549809632,0.7668969842086648,0.7641442635058455,0.762549894666237,0.7274316201307949,0.7622021530735652,0.7659388897859793,0.77544304539515,0.7040414999791578,0.7740897032544627,0.5323971756137329,0.7212806101150697,0.63338929482238
0.5635866318484375,0.6804849179084478,0.6991900367838606,0.6359737230934046,0.6306602612726584,0.6905569797768418,0.6336207550727884,0.6150081493869322,0.6531268325078412,0.5581673570417811,0.6289550864794107,0.4888645710614776,0.6481321332942622,0.5762403579110664,0.5858789942856424,0.5650889824279455,0.5602379100710029,0.488155170637643,0.6098824286151774,0.6063507906146945,0.629428380749518,0.5909895774394309,0.6182502249719537,0.5285414557127308,0.5983476780538566
0.7428453610497665,0.7518332366406066,0.7840714446785468,0.8444115925748323,0.7738297813295478,0.7360203905380294,0.7434373411971018,0.15631408752593146,0.730166503643014,0.7613458302641778,0.7621800788393269,0.645200132805356,0.7337048750853912,0.7248881956409736,0.7403457026578097,0.7274649795801542,0.4348839905099142,0.5516839804183729,0.6251413527956249,0.5541765205595093,0.6888587139186324,0.7141063004043646,0.7307072106726555,0.727920289167745,0.7158626060806865
0.6198988879520462,0.6414053906960211,0.6354651512736869,0.6178402142493296,0.5752260459462928,0.503801203731193,0.5176698696582682,0.3838157825524293,0.30362271928109674,0.5891477216166496,0.5528853074818594,0.47393576641884083,0.5554124426256006,0.5234971769057903,0.5343544035444556,0.5267557287874407,0.451630291276504,0.4322672179919138,0.33511326118664453,0.39257910281300035,0.5539672539219502,0.5394690475717923,0.5337934517196175,0.5175037505263909,0.4781696960451711
0.6686437712118556,0.7319781655768569,0.7450891274919407,0.7310113883020648,0.7005148327732349,0.406956124858477,0.6756896284542622,0.7226074601031591,0.6535403363360777,0.7137878306620777,0.631827051667174,0.5089176435443745,0.7006568167667053,0.6413896451039829,0.6635134589504368,0.5816484491198639,0.6828388242615331,0.6885365748528183,0.593724557157361,0.5439550062082552,0.6687354926529885,0.018312371593800947,0.6050552566127809,0.6035735764489907,0.5806816857104367
0.5524088269898932,0.5876090813442034,0.5303176768692013,0.541592844367556,0.6015379740794282,0.5484811188853334,0.4715168381001549,0.5854710537520971,0.5579616014125381,0.5862243040846806,0.5638578202757376,0.46199818082922306,0.5452415358251841,0.49955226323636914,0.5623446294785941,0.5285239043026491,-0.27033273173568606,0.5352324977838658,0.532527778373463,0.44235805123443006,0.47516860302201724,0.5483460473378061,0.41665777970343676,0.5268087930125773,0.5159680057091824
0.4616550174074332,0.6067840742236905,0.6035771651860382,0.6016806887251929,0.626424008818864,0.5581384103131968,0.5726665745913859,0.5940982293944539,0.5966376026340163,0.5942933935372658,0.5990338526085153,0.5578601852481699,0.5744049406946217,0.5863935738722481,0.5500211026641058,0.5739996927344184,-0.2550066143331371,0.5761973614723503,0.5619189256031021,0.566101160104103,0.567370829067003,0.5022136846491678,0.5756330807185233,0.5605119763514965,0.5534978072111079
0.48967426712836515,0.49575667640878596,0.49719071947754756,0.4880684174631731,0.40183718663461887,0.15774392763875866,0.4673572798960941,0.46975194388195174,0.4338816711046798,0.4784227833264789,0.36892029987265706,0.4095511344791971,0.4196414734454166,0.4390333719337902,0.28203415888108907,0.42551721034426704,0.4580203953037483,0.382150416552097,0.3132750234596089,0.40907916793991417,0.4370330990219937,0.41900375885007346,0.431465821158187,0.3674400461307128,0.35591488468031685
0.41905601144835547,0.45536831709088066,0.4001510236069237,0.386138300793029,0.37493537049690184,0.003884979422853263,0.32837049127021345,0.31009004945399,0.347235256037119,0.3453514563834714,0.26777727337943524,0.2938804963551145,0.3108783832090709,-1.5813459131807655,0.2190592142842931,0.12898169890758204,0.30842253837249967,0.26207961064651375,0.2818243683408488,0.26287132021081305,-0.9898026238179227,0.2180675090262305,-0.2459774931905443,0.18960063611836553,0.19271218826082226
0.5876283497880075,0.5982058150077307,0.5808668318561523,0.6082727225771709,0.6000984346770286,0.49656812243594217,0.5445833262575444,0.5120933504168743,0.5555367053475129,0.5689365639568456,0.567543275553648,0.5029818195460898,0.5395793267292266,0.5563992105702709,0.5407107683773527,0.2880193655690442,0.4911027834241102,0.5414233479120774,0.5052406755566832,0.5342791088609395,0.4269184787249225,0.488126674075096,0.5076963429765402,0.5197465585053607,0.28188257831058916
0.6384671253130008,0.6350765317767189,0.630691869755239,0.6685630529592483,0.6308136654043328,0.6152131039601021,0.6607483636176639,0.5894781247771856,0.6069412517323407,0.6550412459945592,0.6349934165856626,0.6104305670855101,0.5088375138137797,0.6016799727170037,0.6138196019441176,0.6372666695803626,0.527964795074368,0.5965180824418868,0.6065727182767473,0.6176220867221645,0.48059025566852487,-0.051976467442794494,0.4892435444579122,0.47145442030045315,0.6055126156433204
0.49081604360086617,0.5651408516162375,0.5183866371629895,0.4349709357408318,0.25413483597769293,0.15736610740597357,-3.158563903744043,0.37460528129767123,0.42567280400866503,0.31193962976948786,0.3622185147437422,0.4268694695405415,0.39197440580109344,-1.5506942733277658,0.04091916249804406,0.249790155428796,0.41507955297221155,0.3897571628745893,0.25860956018489123,0.3967767271547489,0.3246363728347079,-0.857196832908377,-0.2198298287293703,0.38130800421288313,0.38462631348868337
0.47876571685438796,0.6383079587273119,0.5693626515831163,0.43817860110934204,0.5717045489425199,0.266631583110188,0.5532177219695429,0.5426237274958803,0.22144391229097238,0.4159199361391206,0.5885091805158758,0.1370940398507834,0.562292676006594,0.5686861862873012,0.4474156889209606,0.4788534703606171,0.5470649649263422,0.5135534642387443,0.4166655821754164,0.5206784520369183,0.4705890513395543,0.5112070920459248,0.5674409841403971,0.5664415936707412,0.36921798467689104
0.5652866553876681,0.650851493553553,0.6109037915582611,0.5784470943118123,0.6500917073394072,0.6398941779984173,0.5761967334547737,0.6161722395282307,0.5809558386615992,0.6049792462431718,0.4976198198289934,0.5959506358147859,0.5909537954989403,0.5573308163533772,0.5784270485273288,0.5523006854178343,0.5312197707105142,0.5770733760346527,0.54516451187469,0.5893012511476643,0.585705825636679,0.5729709330753447,0.5476631123241225,0.05175687324193223,0.5682587993655326
0.44768137938894403,0.5313685328962574,0.5290148067982119,0.47057699669379005,0.429428176353833,0.12330353291014351,0.3539802206943641,0.41734461918565735,0.4013150744537608,0.3824550175437422,0.027302341015534637,-0.07761695346869857,0.3484825738432704,0.37596328555503433,0.3357678904623924,-0.48748160438012,0.36114500432319563,0.24526110275912494,0.3680873877718449,0.3414200203224711,0.30931687597408697,0.3290739113198997,0.3063301933047624,0.14179400712341916,0.21829930591527447
0.5913948725787055,0.6150600674319517,0.48779060495140136,0.6064481618143915,0.577971373941601,0.23299176127234045,0.47383230193861037,0.5458537118043223,0.5152375380630492,0.4734605763873567,0.4716127209915659,0.36296574346710697,0.4100020973877436,0.5126813276059856,0.39319706896922435,0.46416259421904993,0.4644175573509308,0.4944622530530052,0.4967239587291301,0.4434791079815854,0.41920471719252195,0.4857114522885775,0.46091118577512447,0.4710340573295939,0.41190304986810755
0.5054593920828925,0.5208783824197938,0.5055880952781813,0.5111407144855651,0.5038214414227715,0.1580482705329871,0.48456689793358443,0.394286242795725,0.46529062493135553,0.4492000550714961,0.42861258344229025,0.2669238725298362,0.4493433175601318,0.3238750317232837,0.25242828479937973,0.055262606770992484,0.14477648561220846,0.40917006963646196,0.2555587909279673,0.46051677422227755,0.4043870586092946,0.3813739051040286,0.22910232808459163,0.410651951071463,0.3148070631408437
