0,1,2,3,4,5,6,7,8,9,10,11,12,13,14,15,16,17,18,19,20,21,22,23,24
0.0,0.0,0.0,0.0,0.0,0.0,0.0,0.0,0.0,0.0,0.0,0.0,0.0,0.0,0.0,0.0,0.0,0.0,0.0,0.0,0.0,0.0,0.0,0.0,0.0
0.0,0.0,0.0,0.0,0.0,0.0,0.0,0.0,0.0,0.0,0.0,0.0,0.0,0.0,0.0,0.0,0.0,0.0,0.0,0.0,0.0,0.0,0.0,0.0,0.0
0.004279772270259274,0.005172662046713072,0.007288212704294084,0.006791557973515161,0.007129641641729856,0.007949250178331924,0.008358537438618252,0.007636380646010077,0.008861959756825577,0.008305680758452005,0.008269253569197887,0.00934809782333973,0.00904672215234592,0.00881618794899064,0.009775767700168303,0.0098310473987952,0.008999417495553275,0.009580231304850695,0.009701679962229648,0.009326002268001121,0.009290885725659837,0.009111225556564684,0.009510228707154345,0.00962365234962742,0.009616932065950101
-0.03831035430006241,-0.051111343946998344,-0.053566337140260045,-0.05755899649654106,-0.056458205958341556,-0.058877544802767356,-0.0580456698516571,-0.05997561882608454,-0.059243346713974854,-0.058888089760723294,-0.059461150027953935,-0.05936529927381473,-0.05934719021254575,-0.05915657970384719,-0.059422714127835286,-0.059327226229673735,-0.05907596836149198,-0.05906826616396693,-0.05916452044090964,-0.05912886924349697,-0.059245743247584304,-0.05980917417348752,-0.0593232754832102,-0.05927667908692458,-0.0590702979500895
-0.033113511813139596,-0.04331534719137947,-0.04850369196863469,-0.04967116937725374,-0.05082750967788313,-0.051706963150599805,-0.051607996064913675,-0.051830035170086386,-0.05182867258439078,-0.05189479554061949,-0.05165198782924518,-0.05162969149452745,-0.05183790305533914,-0.05199758653109737,-0.05202225654544257,-0.05234791998032873,-0.05264832372645045,-0.05260269857646255,-0.05193512575345233,-0.052431363359091765,-0.052105373299070334,-0.05222591204215565,-0.052315436105667745,-0.05244758327796756,-0.05227162400541169
-0.0295461207894146,-0.038726361332395154,-0.041972291157993835,-0.04531354567451412,-0.04627087948959385,-0.04791232248359867,-0.04901757922176142,-0.04933175332219564,-0.050785128763745524,-0.049827327132782595,-0.04998718291417481,-0.05086391414408009,-0.05087188542620247,-0.05031450867749132,-0.0511661957144926,-0.051414722686177305,-0.05125290865869825,-0.05162969651017446,-0.051692984209102955,-0.051528055563141384,-0.051472662673740566,-0.05179477776030639,-0.05161960828880069,-0.051702794226816784,-0.05175196891286199
-0.02604381923653426,-0.032494522572380335,-0.03759705818838627,-0.037786063622461896,-0.03994300526406208,-0.03922632427549966,-0.039939063382752604,-0.04002926158649772,-0.039804262094328136,-0.03962443472694005,-0.03964535922372753,-0.03973381996080122,-0.03978775140082841,-0.04022774782668953,-0.040508138262070115,-0.04011067325993517,-0.03967216302315735,-0.04003687040834647,-0.03984627364541543,-0.03981200749361252,-0.04005125006061744,-0.0397561091500111,-0.03978335916413828,-0.03992336352899378,-0.04002334890168607
-0.034793204735719674,-0.04357071337567969,-0.04814328083436986,-0.05203053900308452,-0.05353530877363555,-0.054082118654583955,-0.054798866662465195,-0.05540630457591328,-0.05577975590859596,-0.05503078597492628,-0.0559396281661067,-0.05547877051035527,-0.05540638005619847,-0.05548099137835266,-0.05546390406958551,-0.05615751153544707,-0.0556086300287279,-0.056052035075118356,-0.05596269459066766,-0.05608526115179052,-0.056234720914684955,-0.05621475208016974,-0.05621620353847595,-0.05620765805849243,-0.05648239264269278
-0.030658451851230728,-0.038547589502945956,-0.04130281713933831,-0.04432082349830946,-0.04402398152662296,-0.0443062294413587,-0.04472424161503219,-0.044784286715594146,-0.04569617207276411,-0.046145567853015435,-0.04681764291510315,-0.04631619972564627,-0.04611312024111153,-0.0463437354840589,-0.046195149347174114,-0.04617882989634248,-0.045978532409658934,-0.04635128194096344,-0.04616619487209134,-0.04623464575415098,-0.046186683632335745,-0.04622915293126423,-0.04625432696906778,-0.04627536407446031,-0.04618644514303699
-0.019750101523617225,-0.02250874449166107,-0.022936975700623752,-0.023248969352115734,-0.022709213329523414,-0.022734180222676315,-0.02218639212045631,-0.021407616546480324,-0.021230017027668302,-0.020581752955012023,-0.02091206535968637,-0.020505340871565803,-0.020477188713462602,-0.020635928845780416,-0.020652090209736407,-0.020790224208159402,-0.020127788325832063,-0.02017409525152164,-0.02042648349986914,-0.02007224702067001,-0.020147924122552285,-0.02025542755137133,-0.02039679632013197,-0.02032820509227301,-0.0200085636891863
-0.023646286056588972,-0.024245620032273096,-0.02485311406555829,-0.02531643894928637,-0.025626671347878438,-0.02468882399076988,-0.024760399372414088,-0.024010426456244627,-0.023940630732084134,-0.0237288110138974,-0.02333218090576633,-0.02328222615323755,-0.022938191108855144,-0.022802779376107862,-0.02233973302082809,-0.022409821059342472,-0.02254788264922647,-0.022533278112184918,-0.022532043276069447,-0.022338242809521347,-0.02219088450800699,-0.02206207073130012,-0.022110166732161207,-0.022038894605215076,-0.022054067154819557
-0.01160427363687988,-0.01484736754814453,-0.009973707034295842,-0.010824415138957377,-0.010659930202239598,-0.009393368297876292,-0.009664004803421167,-0.009406913910532,-0.008394728902704596,-0.00851580457974005,-0.008422867562859093,-0.007539209600980701,-0.007850197581512564,-0.0075721118433529355,-0.007617421338676766,-0.007439549233136777,-0.007438217339146791,-0.00737804445904533,-0.007090830969552708,-0.007203687240811274,-0.0071156195718138915,-0.006902020721433588,-0.006995506360449044,-0.006874507855506196,-0.006727834638656394
-0.030718017826673882,-0.039867781983281725,-0.0430507509702604,-0.0445781831040456,-0.045814347906135755,-0.0477155861298969,-0.04721943497362874,-0.04669848039419561,-0.047292789216036246,-0.04741257450195019,-0.04711200984610925,-0.04723456101479939,-0.047546176216291036,-0.04796034492196727,-0.04734384827379651,-0.047202882855190975,-0.047342403441295755,-0.04791095111290539,-0.04775812362405418,-0.047277175195486854,-0.04721800167852108,-0.0474474938609557,-0.04739872501259779,-0.04738622776312823,-0.047390303017783963
-0.029473417544966962,-0.033781721939128595,-0.034689595472227885,-0.03342314473565461,-0.034776901387497505,-0.034005067554278845,-0.03352358230903113,-0.03410395051179721,-0.03380696047267234,-0.033524082442628556,-0.033667375177032555,-0.03376912824004569,-0.033508591945563104,-0.033024271573347475,-0.033286818805707,-0.0331436027440129,-0.032969294254183545,-0.03333796887682733,-0.033408048542896085,-0.033207895020722356,-0.03308777210067998,-0.032899774423005235,-0.03312225878203551,-0.03290878690176818,-0.03286094904357523
-0.028033734713890368,-0.035852085671252254,-0.03536474421046709,-0.03634152141227903,-0.03687297671992379,-0.03624725631472375,-0.03652389550781687,-0.03572144227919111,-0.03567291591267674,-0.035612595077131715,-0.03595087520569562,-0.03619757865686496,-0.0351513878068101,-0.03599718721322065,-0.03561840424874546,-0.03576773087449642,-0.03538654677498482,-0.035668776940419866,-0.03583556888218281,-0.03540109935503494,-0.035456038045021454,-0.035525377836755745,-0.03569608017073117,-0.03524365215328812,-0.03544249059878901
-0.019776811544672646,-0.02473609306256741,-0.023283571951562332,-0.023938652391362503,-0.022936512185561975,-0.02345887936462604,-0.021841323118021228,-0.02275770142931366,-0.022778118376175716,-0.02202253199480736,-0.021439760934088503,-0.02200943345694978,-0.02156997430569224,-0.021172854602510227,-0.021300490095081615,-0.02101055208226338,-0.021234245958287434,-0.021137648334125403,-0.020997390974948293,-0.02115404579389496,-0.020795179617496384,-0.020701130395160305,-0.020927181801649986,-0.020929234706415778,-0.02081872718730826
-0.026592154928857192,-0.031112631830383153,-0.030740470880458448,-0.030143400133406717,-0.03084282943022143,-0.03001678881850639,-0.029841461765110988,-0.02955281574471469,-0.030052746754324622,-0.02937409550670539,-0.029079108136215226,-0.02867153677706008,-0.028406039906151204,-0.029226922442020242,-0.02864806948521076,-0.02857230254430032,-0.028468497393406567,-0.028483814580547107,-0.028714097020432205,-0.02854479102406121,-0.028196936491036884,-0.028529971073914917,-0.028021461893256217,-0.027926433140160134,-0.028121555174341617
-0.027359483157636866,-0.03264473563629888,-0.03382260069080051,-0.03447431228336967,-0.03486678186884101,-0.03470830511208495,-0.034281042697597686,-0.034618587350285945,-0.034102427026898086,-0.034308998439323835,-0.03374726064155831,-0.03410066476875101,-0.03398925740297415,-0.03399982581553235,-0.033873446093517556,-0.03342493909177141,-0.033641572968424516,-0.0336035089878895,-0.03342275185175403,-0.03346386428479303,-0.03364367401962748,-0.03362328111346341,-0.0332811571357704,-0.03338480354144174,-0.0335788954999538
-0.02653597671711677,-0.034676028024427485,-0.03468752095373967,-0.03504546889467203,-0.033634687405725894,-0.03343958384283391,-0.03266820223229555,-0.033428559024295756,-0.03240191697691669,-0.03314958098675114,-0.03284257915933653,-0.03194500404550665,-0.03171404047537385,-0.03224103331345651,-0.031723986532663784,-0.031784143450351465,-0.03186464595533667,-0.03145363707394361,-0.03167293231171259,-0.0315863713550501,-0.03152070881873392,-0.03161356446467628,-0.03127431192649771,-0.03160915346779947,-0.031451753734211774
-0.024866185690772646,-0.029554836392748418,-0.029685999443193,-0.03143968679917253,-0.02951703078279666,-0.03094795797318134,-0.029998792647795647,-0.02873902135859313,-0.029174332941614367,-0.028760537886543758,-0.028748631577351136,-0.028624774287290544,-0.02867095097877881,-0.02878009793225028,-0.028660907047201145,-0.028250846605506807,-0.02800721491239494,-0.028262611321754227,-0.028233940890852016,-0.028372800056438996,-0.027678836148271102,-0.02781826397459053,-0.027745146861407333,-0.0275843182506626,-0.027724117558962202
-0.024159892150658224,-0.031053750710610062,-0.030277674403574928,-0.030412286529223898,-0.029409948333331104,-0.03042287132339999,-0.03000676709362632,-0.029613371828836943,-0.0293818984562898,-0.029721913216244233,-0.029178682561449343,-0.02953609129061613,-0.028950157501056117,-0.02870638347621368,-0.02879321068226809,-0.028486577840561467,-0.028768287408026283,-0.028687668198608074,-0.028230032231187974,-0.028486033167378966,-0.028208618941802988,-0.028172561300829402,-0.02802566715534932,-0.028246206020829334,-0.02803793100504859
-0.019066265872397736,-0.022696876577729397,-0.02145211033047917,-0.01890610720253766,-0.01980800211677608,-0.018257401189966882,-0.018141421563778348,-0.01785394262011397,-0.017993929517675145,-0.01800027331141596,-0.017719222887520536,-0.01725946300314224,-0.016904655703098237,-0.016739129160513067,-0.0167679824582615,-0.016636052305479654,-0.0165187955914054,-0.016193074850449463,-0.016709857334020695,-0.016382544826030854,-0.016281042528577483,-0.016268300533938296,-0.01605432977316623,-0.016179828464801982,-0.016331943504699298
-0.02129064613960424,-0.025467578838102856,-0.025105291041017608,-0.026411526029724797,-0.024839931454955666,-0.026774973998849094,-0.025920923069095603,-0.025704922439661104,-0.025309834103725448,-0.024584071808542163,-0.024682577929384553,-0.024898266739997732,-0.025070041219438066,-0.02517017744640032,-0.02432088008737132,-0.02444678561912167,-0.02430792977294277,-0.02459632936603212,-0.024326040183597852,-0.02457757618519779,-0.02412027462116262,-0.024249923109046112,-0.024042721790802635,-0.024131723540842198,-0.023982080731862476
-0.026274028108188296,-0.02877623864143153,-0.027395024057620565,-0.028371181262878353,-0.028981867864255773,-0.027742519548720146,-0.028091069741123242,-0.028807722715750217,-0.027942976124141927,-0.02843465168459608,-0.027827991323866486,-0.027334762187082917,-0.027472665049021294,-0.027873079100507292,-0.027120954369080852,-0.027244608159253503,-0.02754542588453074,-0.027834690365855397,-0.02760941881282991,-0.027045081301106055,-0.027200884194345243,-0.027177540054680926,-0.02695987936586669,-0.02706996051627575,-0.02701784250162209
-0.022333251075781546,-0.022714349648095378,-0.025246261701524497,-0.026044826097912588,-0.025576332811079405,-0.02481127173499581,-0.02523312105200831,-0.025321274601801558,-0.025228030865963313,-0.02479312570029263,-0.024074529776408116,-0.024605091281392488,-0.024202425179214504,-0.024444959139137856,-0.02408893354577557,-0.024020649693443252,-0.02420343980085532,-0.024143196297892966,-0.02405387956525612,-0.023720896922520385,-0.023902996090078787,-0.024076014718569738,-0.02379194716967037,-0.023649290112914445,-0.02371540775698011
-0.019520834759732708,-0.027151800760806533,-0.0269658844439275,-0.027501170129326458,-0.026539879860564886,-0.025409970675538907,-0.026222660647463758,-0.026431825962613786,-0.026595866901503673,-0.026787796614902715,-0.025667563405801008,-0.025643837297079974,-0.025803997966703796,-0.025948715803958466,-0.025904782373301738,-0.025673081425213462,-0.025454790424558338,-0.025605736859623807,-0.02521778090379634,-0.025289482492613646,-0.02547117104998059,-0.025188869703901107,-0.025417756199609343,-0.025236739532763397,-0.025300633927103244
-0.023446651251155914,-0.027235189465643184,-0.025533731964661133,-0.026826659329089786,-0.026573255093090553,-0.02594369684898762,-0.024625878606345408,-0.02474076845259432,-0.025160947460222183,-0.02493971436250325,-0.024188290932644796,-0.0241212072063805,-0.023862800833610753,-0.02402090058978873,-0.023727942914632205,-0.023066817642898363,-0.02364900773856765,-0.023308306578767368,-0.023116209371862373,-0.023216400305411444,-0.023047849390884556,-0.022807083944474116,-0.023368457596660785,-0.022955713957475032,-0.02299599088746912
-0.025885836172874488,-0.03182641784300472,-0.030872188937605294,-0.03127994179844007,-0.03211486743809727,-0.03196593217767996,-0.03120717152269059,-0.03160236188171156,-0.030623587154327836,-0.031138815154511224,-0.030605551911385864,-0.03093620687111409,-0.030699255058517727,-0.03093709312260423,-0.03052358758164858,-0.03025790795597072,-0.0303347067916247,-0.030570105164382466,-0.030538732240880995,-0.029964922636717517,-0.030162294190239025,-0.02976226409271826,-0.030084591296222152,-0.03015317018952607,-0.03024915453032634
-0.02188230394915952,-0.0231168110385771,-0.022693477885219693,-0.023770030952505683,-0.02300825555645364,-0.021970295193823486,-0.021978623336267933,-0.021354834424474833,-0.021783084482006054,-0.021235935952977514,-0.021613932547436432,-0.02092324084665509,-0.020384250073943566,-0.020450151344590273,-0.019857894489162864,-0.01995727355574556,-0.019730867529557272,-0.020523492270672017,-0.02000976917423486,-0.02000925405846693,-0.020085128169596955,-0.019914976587355138,-0.0197816912204965,-0.019736330773443,-0.019500850064927466
-0.019242204827027043,-0.02004630849089395,-0.018527831553781737,-0.01647648278220376,-0.01622124593951607,-0.015941743867126934,-0.015382250054178703,-0.014590652544358595,-0.015481843235974069,-0.014924039021434854,-0.0141810922164613,-0.014072001152661107,-0.01348531186344254,-0.013736710802901508,-0.013620758090977625,-0.013525554297376896,-0.01320416920764761,-0.012991822775248851,-0.012922513557243831,-0.013043392871406545,-0.013103965348441271,-0.012862619771969175,-0.012859914583528587,-0.01270876126100512,-0.0126922534031077
-0.016339048510554843,-0.01878503828203809,-0.017987523238804592,-0.014453121799282043,-0.01560886690344887,-0.015367559806573783,-0.014897769855847731,-0.015090591097670858,-0.015691117659539733,-0.014466470155019617,-0.014364165308039467,-0.013803171965739491,-0.01408809056094612,-0.014116437267755688,-0.013802257526997985,-0.013375644793875652,-0.013287657847182166,-0.013445884651133111,-0.01348558413118206,-0.01334306690965431,-0.013457928636970318,-0.013257372234323161,-0.012970321161066722,-0.013242715172428532,-0.01276525209118562
-0.023027476030518745,-0.026440273724796626,-0.026827309089662188,-0.02537468762036682,-0.025233833489588797,-0.025533825909226038,-0.026683709654529597,-0.026791680128730733,-0.02563974561380694,-0.025250165062573215,-0.02515279986875768,-0.025066284628829316,-0.024704745519988747,-0.02515552136744681,-0.02517482254656611,-0.024818369790997774,-0.025205802939061717,-0.024968714258955138,-0.024867036006012977,-0.025021215547527342,-0.025061600878165502,-0.024913329620426583,-0.024753610890903277,-0.024715277886192932,-0.02427822624063919
-0.02217541857558991,-0.029363469026377265,-0.027355428022094952,-0.026280100758519498,-0.026514707513506597,-0.025794974642402546,-0.025106803166006053,-0.02556835625292697,-0.02565008224600157,-0.0252851137199539,-0.025026061075976103,-0.02493861318789664,-0.024239166374017185,-0.024128689390114866,-0.024360871387607008,-0.024207382854370074,-0.024167150439158125,-0.023970745858841513,-0.02410103012133763,-0.024346671922789442,-0.023940267773634616,-0.023940306229197905,-0.023866029019516233,-0.023780578587963508,-0.023758719369821046
-0.03330849092839333,-0.03961834611489495,-0.03976167873031494,-0.04147676777870851,-0.04112760239433588,-0.04112629992034417,-0.041309987630108125,-0.042166380606876,-0.042234810364821074,-0.041697262328104834,-0.041320697948868224,-0.04090472983803867,-0.04154374800130134,-0.0418406478484909,-0.04128325970408564,-0.04138097322828932,-0.041702964345858295,-0.04149353036139092,-0.04123799520796112,-0.04143454236735861,-0.04114217240086265,-0.041406338636843565,-0.041426490050156195,-0.041488191208623126,-0.041011822514223806
-0.021079392255873908,-0.024468511912041302,-0.021855322978328706,-0.022313558549301116,-0.023012565062699497,-0.022251697436062978,-0.022624074657512094,-0.021477028682247434,-0.02201006848065462,-0.021025798968483944,-0.021490963127513585,-0.02072787854552882,-0.020986327913661784,-0.02123659607034184,-0.021331944968051242,-0.02096536080864314,-0.020869299219040904,-0.021028901909178166,-0.020884224700090714,-0.021082519395162147,-0.02092282945365448,-0.02089840254995129,-0.020631092608777435,-0.020329357893877076,-0.020540093445219287
