0
7.796012255485081
76.14775764021593
12.532696331515222
7.254235189814387
11.938579186428694
160.18179830220149
-26.01213581337872
-18.13892781177968
-34.75263933912713
16.679611246876604
-0.977191436035378
32.520800239791505
-9.444048969838672
0.4508622302792986
34.29418434437201
9.047339202944935
-7.275835511598023
-17.51102749095111
-8.255496030089098
0.6138880721322515
-5.898676707354859
-26.026168643740757
28.4607725906014
-2.4084756242069165
-16.89371762135477
12.667846942918832
24.319548992016284
25.27448398855367
0.6522725151113047
5.736910285298153
38.60117967804334
-10.032678725829017
6.419739326696984
-21.686455775485115
-17.625582464245927
20.06793052967026
1.5580784867730149
-12.461356871553104
-39.950964951666926
29.3877662981762
10.007004655054631
-0.9696716058265968
10.263305865058483
-11.671993446244883
-0.08904409406562674
-20.716935212557267
64.96174863416788
97.48698772244039
19.93651656915389
14.580265870531319
65.3022218434226
8.1390293873778
-23.92826413337158
6.519122236737867
24.75896463569362
-10.151164896479361
-13.49279901013612
0.07357997372192315
-27.35498074880771
16.35770799995713
-1.6759361453582722
0.2596843367873891
-5.695426811641136
-11.07620884495366
9.664059820968259
26.248304472402623
-1.3815553551065918
9.921886204597387
8.030447921013723
6.526956090433479
109.03062445925926
-0.05364064741102226
-0.9387533359714464
20.08925376141414
4.279164721486004
-6.171774625184322
7.89010848809359
-5.662863339848433
10.956566521136287
-25.84286168502402
8.239196906461055
17.980884135174634
-13.953121451797573
-50.49638950799556
10.134404330812457
50.09524246375974
-75.63172691774986
3.6309692660954394
-17.599350761209106
1.3136786504374633
-10.568293584528066
28.75970361994207
11.30529907653413
-10.095099037555823
-5.344875408370687
-74.65880202990462
-28.07872641543368
-82.61764572285935
23.01382860282566
12.921087846037512
5.500221080400365
1.0862897103333777
-38.78875381898667
20.527316243449235
-4.365642740691785
16.004849316722026
31.415843062336876
-1.8115111625901994
-17.28046114829221
1.3591819809653227
21.992312640649345
11.043006496100027
117.42274777599894
-2.3326197916230185
7.8335912840009705
2.1002615649929446
19.621812975331355
130.1800790247438
-1.7161992345034536
-10.715931397189294
27.091901137133316
0.11187324432438395
8.53726947389054
-9.290886235056162
-32.3139190311567
-84.75791680566122
10.798835526831965
-21.761499286063717
21.684261035803935
1.0353469972566067
2.447143789561119
-15.505176853662817
-19.74316321917546
66.43767607494884
-9.24284790549731
-54.275372890241975
-10.099320973062031
-32.72074326256829
14.046128493170581
-11.62275523805892
4.015695921224186
-18.503463703206485
6.526837092416254
-132.62411544840415
15.060159824031404
-47.52675539335142
-4.6128146624468345
87.5240530439102
0.45044639436312917
-17.757637141146198
-29.322652490206586
60.893289588159675
-16.346421280086062
7.149721254372592
-27.308215937907583
80.20388026787477
-6.160817031619198
-0.7061600882972396
-130.69552080864597
-46.33190135559043
5.316550684589264
21.93399037604187
27.329119081616014
8.924650472128734
0.9706170658087414
-103.66813502055129
-13.742554834189782
-13.025651161780765
19.872217377523437
1.337611999124304
-0.746128418071371
18.451388166240804
-0.16683286067753134
0.24925334431111779
-16.43036525283295
39.95604916202215
33.7651999931606
5.317019436673939
-49.69071724280526
112.54873348510291
0.35994018945303274
23.53117779829738
-3.1288274462629233
8.64650334007968
24.665237265885004
-33.03622637557733
20.041468096656796
23.949625756700083
37.9971863453567
0.529319010575021
7.070736763634318
-4.616272756751242
36.58970402260678
21.843168070980628
7.620285175577706
-16.155943573622988
-7.505903332980501
19.340444816445718
-158.12614690487908
17.803208670710983
28.35199756618948
17.734817011984383
-30.643283378990056
19.253346444617694
-33.987182384538684
-38.67664813606716
17.839574282191073
7.5823945800099635
0.7961661140472982
9.72338376910162
-6.2402318009924125
1.3676238705745192
6.461171319149499
-0.2393658426948697
-17.02999606541366
-11.118320996620204
-1.3475692850436518
0.8057604382342316
-11.40244565649187
-0.608004770740397
-2.1560838420465824
18.25835227472924
-4.820087494620501
-41.09553517897909
-0.9814539185965465
2.9022367992488203
0.11930919889419478
-0.1570029946950573
-3.4803613868388332
-16.902366624649403
4.003069723098132
3.0913042128422266
-18.953971260385224
-1.7709228407225197
-19.211629097302477
20.233425077278046
-17.269913241847036
-155.01345642284608
0.3595654369935115
-23.73638209248099
-7.218392120903593
5.785003657920813
2.6763684417404754
-9.056182128357813
4.931076454364524
8.412031341117626
-15.245439678993089
0.641720336843778
-18.66122439307075
11.036075540124841
-46.10239774404759
-7.999186711708855
62.520285408281595
12.551778174235679
17.793062294626715
0.5174232074707454
23.585859906654076
38.139878184080395
30.414292615389797
-2.0173316773108407
8.089565405160737
20.217800457771716
-0.10917943114990658
-2.0915353617772663
-5.583703488514816
-10.14584082787309
-59.21615924061062
7.843505089470832
-42.44969403973388
-5.7188232868968525
-1.087108297297874
-45.920286649679
15.70897541650057
8.500160700673469
1.1048320755055983
27.36457721478292
20.876997431869285
-9.310072621488803
-13.407241830967159
1.2231444213238554
17.861772992730785
33.99959837915246
-2.581942120658484
-36.89050879581711
-22.253024136472618
0.32243204823696203
6.503530477421483
33.75272749740908
-14.046787825219338
-3.7702795813374195
-13.212065414541488
18.35191088488134
-6.185655144839755
0.4071282949718018
-124.32200624190484
24.425566303151424
28.109927735330096
14.88307351767159
3.572250288270941
-61.179091976179976
-6.175989733172267
10.413282532827075
-7.316561600092765
-94.92740049170155
-23.198488256604204
-4.757282829139029
-6.717223595085826
83.41690003660051
-17.829968110235814
22.980622789764382
-16.71893702424527
-1.4782742924771526
11.531747469442614
1.117264759679995
-16.6961252619149
132.03189277741177
-56.3142906302323
-57.54851899201163
17.297602997229127
10.44916851405935
-45.701778572377165
1.128232226353326
-26.480179784944703
-3.4294333930309318
80.70835379436919
-15.981597172643768
-0.12037497447955303
-27.951162137023083
-23.793371722008892
-9.539395550767964
-4.309572984526254
0.21712943226257053
14.36605950602313
69.08254954871703
-1.3994414356786837
5.003498915467331
-18.607487159452536
10.126452991378965
-20.20312182201822
-1.07504019484354
-28.776410477266968
-6.878508706109938
41.767096830545725
-14.89353902147566
9.383338873745341
-1.7710640642264774
-8.042297731787494
10.201329779905677
0.8684022904150392
-0.34625714740970004
-25.61700675863618
14.1026926320196
1.3757539501627942
-21.170547584492766
-14.457042258116182
16.598993370448408
18.417651653736225
4.800702293277935
5.69552771765024
16.509250083634093
32.944515099153506
-8.01101323398552
-29.219040889869436
12.797994482807884
-6.811723708859541
5.893113033144016
12.90364777132201
-1.4874909209317746
-0.5270514936771704
2.047844981102573
17.954761341747453
0.7143756884362453
2.1318150241880627
13.201154917764686
30.271494491787344
-89.8576013938701
0.013161741547158101
-25.68633047809429
9.913551509475285
-9.479460159834776
6.71815850939255
-48.03748221400496
-54.94341628401989
-4.300678846046987
-101.26579532128504
-14.660066915142849
6.457586724494756
-12.105829629701052
-16.966777871768823
-21.03158164390808
10.880171812454968
0.7886471782934237
-80.6714229793585
-16.379655542747344
6.839555817698937
-31.79104080648449
-37.611057708556466
13.691437815854815
-29.78558625906512
-127.90482822323901
-6.685738337763945
-27.648286646947213
38.20420896059615
-1.5158478693912443
8.21855253535894
-21.775664712995326
0.27856929475040726
30.67900946949513
8.050071895155602
21.151370862412936
17.55033108432338
-13.59548734524538
-21.573765053756766
-8.163418532405785
-5.667900801433275
-6.672291879966125
6.37542380365452
7.40812993807773
-85.44819393964548
7.760880368479539
21.49438382213162
38.93435420308875
-6.166135946919243
-111.15276165417794
-9.998270816148251
5.86028208948488
8.434955993582602
10.355440498125839
-4.708439729168326
-5.711173648210416
-8.342783454776598
7.500924103616438
-34.32554628381112
1.508966407877721
14.017834236233128
-0.2582389556287428
-14.84102138834108
3.7671998282315204
15.921893136973615
-19.294799367925734
12.433304782111104
38.07973182966963
-6.9234591295080605
-63.468116387776845
-1.7280301508258642
-4.220451505328998
-10.250427463490924
4.567136830252393
20.706936133579877
35.543819397290015
-10.848953146197452
-18.065446402060104
21.405153046375005
-7.179112876838332
3.924263273524348
-12.041330091996505
0.7759317806845765
8.408647673819228
-6.916916489523398
3.0838685932290035
-0.8600821898363291
30.146469483768954
-0.09363385240988542
-8.232071349972276
-10.388331666197162
-87.5917262730604
-0.6881163280277391
-11.786045642649391
1.233739074883272
-0.870200388158477
-10.367001305895156
-1.7231138657262763
18.1223761915155
11.712022068763815
9.555130242531717
-1.2528546566348577
1.9235565208651737
19.73951282080214
-6.763923793250519
6.537121506469412
-98.70537358713092
-12.257726267332735
0.6320558516767285
0.7330599290121604
11.72252299960671
20.4742634086204
-3.9732119556522862
-8.532532920258735
-6.78807790614214
-4.614662251171076
-37.60348347253355
-46.93336587632142
-10.592493767174755
-21.232129207513626
30.891783946820052
-3.135536083613993
8.356019272689817
58.62439430134478
6.250171491103612
12.241615894752329
-18.292710642616807
13.728364107736283
71.29174763144522
80.30201729726707
4.046273313457277
-0.34862657672580966
15.09689976618656
-2.1866742965005406
-37.79637081274743
7.15379916945287
5.949358167827851
-6.688813652146543
-6.847397031437989
-1.5541984131129984
18.286946812399606
1.7085818623537543
4.238176943640454
-63.390835928310736
-0.32831851385618016
-0.7720534447671339
1.7128564244871605
-0.00853460243536297
3.879045604974607
-21.531881057982368
20.436985232002176
86.90907253068306
-2.688111629246162
-14.41644902558355
-14.678748567696
44.63514659544054
12.062164163207049
15.35466422797001
-18.232601067578255
18.420496471311584
110.73630886735523
7.002595458081314
-5.788933958949473
23.704945100644338
-25.406788240165838
-6.326272781219194
-1.2212674291247758
10.877473620089917
2.2533369427246557
-0.2872651125979999
-4.234308398887277
-19.83246136645966
-2.483207349740198
35.80238031151083
31.151641371272046
12.452881533960952
-7.78148656321543
10.156734071273714
-16.706072759785688
-18.874185064698054
-11.91354939112642
-1.22738417756468
21.018325822341794
113.85808905404681
0.07378299003336419
4.200669464594794
-16.55612602145149
-79.08761719089347
3.467120926269203
8.409120489643506
-20.491831016616274
-56.11210667070364
-0.8435690636419721
1.7490489530388826
-12.011299318265994
-6.6774948375797205
14.344231288823625
-77.4295446006499
13.858197777294663
23.396656877581314
16.976857527067438
-1.34319127620204
0.9696086095105567
-38.35890681053692
8.464878929596345
18.17275988866828
-19.950577573625267
4.201533368804302
2.0584192296051445
12.498357776501203
1.5614865058440524
-18.08539239349859
-9.004434973501095
6.059137655630109
7.9427940430910535
-9.045202991007045
-23.415260317566233
15.093321322123504
-29.773134539361173
-31.210036831190937
-41.30557454360338
-0.9445512196106716
-17.871782146110874
0.04217085262519671
-20.969157311179305
0.616006936176241
1.0008813042971196
23.582837669473452
9.51938573437063
74.04334539595578
21.95086222360971
6.746295654354852
-13.663709257020974
-16.17630265301989
25.20202936040451
-8.05000227978818
1.4988166659204385
-4.919984515564257
52.855170341353556
-42.49132908598017
-5.7037393522284185
9.03554168807128
33.79980287854823
23.94623536265626
10.208856652017248
20.586438603997898
1.4879283393744458
9.626700643119484
-10.623023051336055
0.6394844678494795
-2.535055454890709
-0.035204383162881214
2.1484402468056327
-29.010143459264974
10.727224920020937
55.84513683054374
-2.243053808045164
-2.026177345692311
-4.707072109207877
4.341529700100395
-44.85102524302155
-6.17554346474704
7.904785213554121
9.672694774612362
-20.84683986422757
-0.9385127777424156
0.9388730497896098
3.0162460618780473
-10.52357596028574
7.504417246434055
14.719616285801207
18.741647987280714
0.7404811988454902
10.312374185462438
-15.874282443160649
-16.153395961435436
-8.19323298333207
11.758278386651996
-0.023676137432575572
-9.111676947678497
-55.73160321395678
-20.328038882328773
9.875238114816593
-1.6198578387354186
-4.208158823630274
2.4268696811788786
-2.854641905545634
1.495508987547126
51.9635916153538
51.265334603644874
5.896367843861866
-4.644720989857868
-0.08975974345882953
-66.4890872434241
-29.693070255508577
-8.522104661563624
-8.466885302858657
-5.090640689552676
-5.647023681616721
1.809316314761956
9.574136466302093
134.03676290445557
22.975954982079003
-50.73099127979789
8.396992614496407
-27.88485038759664
18.690067866568246
-9.191534744778846
0.258646409543956
-13.91262974596837
-0.6379390983416027
102.29373521450867
6.873273282699354
-0.06949714102147198
5.314044577756803
1.841274647429767
1.0750306339601554
14.254205015948518
16.372628283118203
-9.918993183825654
19.955957896621797
-30.01541998526414
-3.94875466061813
-2.390459372889749
-9.020469979088846
-3.370254308886901
-8.191366806295282
2.7461242841320903
18.33822143355573
15.3590944289742
-1.6690340702998556
-0.9426153330455147
-21.116692546187227
19.995094548430142
6.992012767406797
-4.116673526952974
-17.23850637038489
13.717625793348748
-3.128697780938494
20.62154026680791
11.243353085750371
43.742803306275206
42.03129482435108
31.885744099704063
-12.916607840939507
0.2688157970415954
-75.75345048476004
2.0973531752802455
45.472369265856564
11.298796667893374
-33.141628797995416
12.827531056209324
-32.269366778560986
0.8914557554388871
13.940508088129269
-0.38751718672493496
-113.5324463466557
1.3889324085024288
-5.266665092891607
43.77950554717608
0.2741970897085366
-13.04816873152368
-29.062021354334398
-0.21507929665535386
-18.110980685738745
0.7812628329856954
2.2574133726336667
-1.3647541944732442
-21.37060984246023
79.88582228916366
-16.23425867354623
-0.1269846129193528
-28.828578588355484
17.94361203286725
-7.2511130896384985
15.461016778714324
9.938325841894294
0.7473217862595289
-18.481327798202567
57.99235918527042
-16.559186026409808
-29.72255704835827
-0.8155462220968772
-11.239178829544823
19.81288852236704
-0.8322247602869304
8.209446190601593
13.940732281254844
-4.830174245213016
54.61079596979642
0.3147638402651367
-25.305942790015862
60.90733880637917
1.036126889597221
-10.565501214171746
-91.54011965777534
-22.22040873145737
-24.377684291275493
-6.981735017383068
2.607248678559545
13.623077738469716
-7.740275527291614
-0.5422101848149863
-20.84969979735012
6.138101624739349
7.357142734791094
-6.231976531548341
-22.23127653860194
0.11458826082917639
-6.698289448117847
-1.0098014374478401
-40.810726448226454
0.8821517323797767
-1.1439375228291322
-3.9099812648607486
13.678928839984794
5.601836373007044
91.30177964747664
-7.316401448175786
15.228103419372598
8.828312520560154
-70.61021961593738
-12.922531667859499
30.73534366837969
11.062762614089564
41.35677662185695
-10.412856985659278
7.56571848244834
-0.6986831821833386
-1.5252567246217659
-0.575412046854467
-18.358001506979065
-3.7527422443929837
-0.8297990618774804
-34.02636415589457
-31.19235484498484
0.3338406292942011
3.7026163609374994
18.665802876514505
109.5267356049659
25.99846830003233
-40.389419082274785
8.207870357637166
9.486957866413395
3.991038694800733
-1.6185319577897062
-6.493471145187433
-59.504895464985054
-113.34878574791323
0.11057708164605984
-23.5475056794981
4.568537246170242
149.52790620459123
-11.219487523216
-12.506845851995106
13.18143645500721
-6.37409504298236
-0.6282420414500285
-2.1635013220682833
-18.914610976231334
12.525504047099133
13.480578895852878
-3.3302248422428566
-2.925400087739728
-0.5885667171041726
31.533990769628943
-5.95499031936756
-0.7986478476197498
-1.6989092673179043
-0.15840746898278368
-10.504644677852207
-1.7819853716522918
-1.0316412088812106
-23.70227660599822
2.889431032456139
44.773712733402704
12.08521861629265
17.72177490637514
10.150842196518497
-8.03008763086413
0.9111032929775487
0.3419307919122012
28.47610561691716
-50.93080937662257
0.0006148389724440761
-1.6434747763086595
32.22649860913262
38.45091507086798
-14.079201606118191
-57.89794729791473
0.8743706384947956
-54.06570692280155
-11.565623597228768
-19.358544261225134
23.418226010344
-7.330134942107467
-64.08703075805248
-2.741328904440228
17.737095459942275
-20.742679066409288
-2.4790019217087114
46.11527020396193
-1.0913996546315845
-43.045593362312445
-10.718155167325996
19.545556886616122
-19.27831043549005
-1.6148120252316023
-14.95547291135966
-12.310354858594568
-7.313473366683086
-47.558704793093455
1.6273726193707603
-41.71330920596133
-0.5739638816035759
52.32658232412422
21.321935576152725
-72.47958027826314
11.293533844951334
19.34140421196134
-145.10045809241473
-13.878819917397326
-98.31919979916465
120.04714786865132
-1.094473475704528
-2.23770939989258
19.842852349846844
-51.0247349128309
6.268730835008578
-19.860638671554327
31.44780867228868
-16.429970986891394
28.498397058856376
38.53985385651635
7.851003772851243
26.644274286835508
0.7334137982719477
-31.009224414706647
87.58370212779403
18.66038227905053
-12.89761663606417
-0.5169995313549824
-5.392754873612148
17.40583173299959
16.799715979203803
2.451208246126134
-3.4586419439554543
10.147467233512842
11.694549943256721
0.7718384930381994
-3.5388798637257564
0.7647430237559645
13.903183944948582
-0.44654441135864964
9.777148743640915
-7.045072363212206
-12.303461347557615
-7.204130355507772
124.98533266735885
-1.0667959932375997
31.437720210298465
43.7145262102816
-21.158610238921582
-1.3684442692727163
6.874593852071761
4.643875878760088
-2.8573771740858405
-6.144796395318984
-3.9074796385499866
10.243888240639096
-72.03296983541125
-40.76346697538936
-1.0534377815536633
19.68679869628299
-4.326033034700989
48.2639763201789
20.895080605571177
-16.45460408409269
-19.69132941345684
-6.1811597729478995
122.47010938194236
8.597246459050272
-1.3902592532344986
4.230490792518401
4.468243616499063
-15.965380748617951
-19.04824592192146
-11.956683585487848
83.59241755831117
-8.228303847550087
-20.75885740774023
8.918979483954612
2.1942209644015715
-17.111999441382984
-13.402695642122037
-13.514066971934104
-12.272539020213204
-19.547689681495445
-5.341350265664731
-14.701264270981266
-5.683986100343565
11.842978192914648
-6.562875364418026
15.322283826106602
50.89935884063555
-3.7929443682060233
54.825023036247
-6.181399439657477
-95.6671796513541
18.14275043554565
1.4799017253524163
47.17009391634002
-18.82588048894999
3.024332324142515
3.268261071730116
-1.4003173712144337
14.576816631678325
17.215391616819414
96.5439856252648
-0.2750639597299447
12.256382133040319
18.551109518610193
-34.322066577943595
5.242197487084136
29.390940916454117
-12.394047584970233
-5.269061526598984
1.0352711278380937
14.182953900550256
122.92530909488843
-7.109607566472953
-28.475426251432992
-19.879503183073748
1.254909745507276
-33.67629685419498
77.97802418622418
-0.24107069632310463
-16.64656340778057
16.475652129763922
-20.257124327659266
13.00248861219748
-0.792518368339552
-24.533843801514667
17.508385594304283
32.91352326561132
-22.745627080960492
-1.635106522317856
-7.713356335307681
13.493583907304478
1.143126318086292
36.99568252255547
-21.1998513198993
-5.243826090571986
5.593777733985405
5.955325634062687
8.038670748777225
-0.4701639360332024
-4.1268542253694545
-1.6805650270146586
0.5545965970812503
-4.024800986069129
-23.65166680517975
-2.9769631248461756
-17.309399351800366
2.9702015000038013
-78.89588689902872
-1.541999717042418
5.729878911863555
6.835196641004959
-0.5701475196685717
-19.78700043381845
13.594765885130172
20.5320910085893
4.115544471074665
-7.149736810080578
13.341729072109802
41.080132623508405
-8.15893145738736
-6.153840489596459
10.053752547589598
-6.1682385941883595
64.84341091063031
-14.371437409219276
-57.38241739614548
17.048986832021676
1.0600560484991224
0.38015742749869297
-10.925867642213111
-9.125530250488074
-44.72796294345353
-16.33522406052498
20.136330654946647
-7.147886740166812
13.659957432835284
-21.563715208584515
-18.42060242046846
-12.540200136310592
9.022623610092927
-1.163966960641038
-3.300116694633463
-8.79921393155086
6.772078853062672
-16.39669785580858
62.730140491044146
-15.881197954655097
-0.9808128356407053
63.502492379138744
-6.924983319472163
-1.0257158974053198
27.575254767714956
-45.704740977912216
0.01768504052139086
12.780503564439066
8.081213057132018
-9.582788276136998
11.215376172243912
-31.625298218116136
-71.76344987681006
-4.817561627929521
-1.120684043742898
-17.919116327564392
3.704418841268045
-19.28273752104515
-37.705660715384326
10.568212389819362
0.6725294311968417
-9.439480786541495
38.994296682218746
-0.9481814125950638
-2.909754217494375
0.6951736162026751
-12.11496284248581
-6.4748257244002465
-46.86790804862439
-36.126410837180515
18.733356481403064
40.81484164655385
-10.78046113078706
-7.37342113263148
9.246474718676021
80.90232394266489
-0.6741677584957273
-37.576406588563366
-18.324906299540963
-4.286919874252689
-4.384813184256961
-54.07603990514724
-15.896152492833902
11.191878145898473
9.206566744939558
6.258792943415867
21.750711965346643
-0.017631761681061064
-24.63042868872025
-21.327248562043174
26.671625460742618
-7.200781693384096
-0.7966076141507816
10.654085745424325
-0.7662104932970077
-39.033200233650895
25.40543683572701
-28.88831254212754
0.2530094340957776
-103.37773857298048
13.532656989749063
63.07121072029908
11.864049830498534
26.833026440426995
-14.616809563258823
14.447972461525657
-16.66738360812997
-6.866694171053751
-13.471932227836568
22.074318123128013
13.345093483788139
-23.052724703270982
-1.6771667891046578
-12.808443843241186
9.3407315021371
1.5254228611406413
-7.968093575841474
-5.075536975985678
-5.075224478424594
12.413471789272952
1.7277480719314173
-10.984528273994083
9.895197604900687
0.5817131018602062
1.9463624036432945
-19.274976731082397
14.07935226598141
-2.160740044537313
8.00149274972961
30.100343182736715
2.6359622103397955
-11.721864450363437
-29.914296256089344
-8.439550799839072
32.75741392978369
-17.922504177733853
-38.82700453484656
-39.739075265853664
-25.66384496164673
-72.09568613800334
-8.903328429022139
-7.841215796286114
13.48495220938911
6.076190100019763
24.69558773415346
-14.334122463500595
-6.924647451273313
7.601505586371973
-26.115739354086678
2.0647121034659612
-11.528779887526884
23.265825823770445
-13.712754340060656
-7.271064224367172
15.628125315305565
-1.4629191290876502
0.39813166904685193
-5.020725655998659
-0.2902943664892277
-7.280310827738681
1.610582019812563
-8.973520467140949
22.54675503836034
11.436209822028534
13.523706257453506
-11.004193345736837
5.282389630503536
28.51663911565609
-2.549720993820836
112.01152873142159
-37.991388156810885
42.29468017306741
18.113818980910146
-7.627463472400944
-1.6037608854924894
25.214777862172905
-48.89147132387651
-61.231087774960514
-19.514524559433504
-38.32831933314108
-57.5643947445381
-8.908411814056395
-1.7457568127886791
-12.778460667439369
7.4350721902336065
8.321872452737628
24.124754857273526
-18.228334468390347
139.79812976217593
1.4703962461334834
8.459323049934968
26.009818827775096
-12.520942181916986
14.004607921448688
27.864896614298708
-6.468600071618608
1.8221881237018422
-0.5967575139939214
78.93200188015616
-2.752955113167867
-84.86629516402361
17.548757686627958
-27.69685400039817
-2.9161587122620887
-13.755260441011728
-10.916824322938727
-17.64466810009526
8.327848580631839
0.5329394071017086
5.173048755176716
6.641778633165811
-5.882317538252383
0.7496783502569286
-24.650409125672404
12.443521997372187
-0.6842209914290498
-32.7972646780715
-1.2753051946029004
1.252325830952251
-0.5853930885711511
-1.55437435838214
53.49406219160089
-0.20375733089255377
-2.9641640368229742
-31.427779768860194
17.496702117071667
-74.43140501499266
20.397477108010694
14.139154217501694
-2.9551853675220787
8.439739346229349
4.638338920470838
-41.51668406004663
21.613448695550158
-16.638588129458444
12.506367626834408
8.373355436260647
-11.585367556838452
15.36060986402498
-7.320257568706728
-2.1239612771125866
-8.345723211066518
-10.347156857125235
-0.9471450054941499
1.582503775576285
-3.228628130297956
5.704898165979217
21.225637497770876
-2.442656349907801
-27.87834326776609
33.325730524883255
-20.21283223377076
8.25213412413816
-8.07795236583538
19.750562618510557
-16.471980637487977
-1.3626152221455445
12.158057387241307
-0.4147216950993897
-12.072459567913928
4.888880254033164
20.420594678366847
34.51793553472485
-5.245104851353178
-18.024165965003693
-4.557667283888449
-4.931265574579559
15.090653844558846
69.58256224974326
2.727177513085877
1.7718261632479306
16.656722668203848
29.996628795083478
-0.6485752957070385
18.149766191102124
7.544739327818561
-28.769554419945557
87.54250597803431
31.894267157098213
19.07569240399445
-2.590275459300223
-17.0149437771226
-18.28718825518109
-42.589320931883584
10.451654199143134
0.2543312636051809
-6.5513505105406615
1.0154760996742027
2.918083378474155
1.0782443641957924
-10.306832332263347
-17.950122182998882
-0.17113805007967642
199.4360790984754
-97.99406717847133
0.1044570166174168
-15.192011285545842
6.984986549577783
-19.750919879352555
27.949373968098868
-3.4701029877005483
-9.490168113356543
-10.360298132417942
-50.17936527119204
-17.492635447844233
-12.566534110113599
21.96323905224874
-0.19672531403915627
-21.372005301904046
2.717740038609046
-8.50245101629072
11.781438466047177
14.468754634081463
0.26058056765152493
-21.143514827559716
15.076972841191372
39.45103624745181
-11.421240117483931
-18.963331187775463
1.1978305285623705
-7.351663121123664
-0.8931083019237196
21.829012248922563
-3.002466202740754
-9.204939467611442
-187.35637940623914
-9.111953468531285
-42.9515862990313
-1.3004692718377315
-8.452311524750952
3.3279689915587323
37.54972306154723
67.5352490419348
-113.26783206755087
-2.8578367035168837
1.1054015608098346
6.251561682493296
30.615235170253072
12.255787655663454
38.86630959857427
22.55528880103928
48.46504838304931
-30.979732671718658
-1.9492465712450544
-21.321896790655778
21.19297255267054
0.34354951529027034
1.3968368581302233
21.682001868396366
-1.094157022351487
0.9938267080704826
31.002016543793605
-10.535107005661542
13.119246587652098
-2.020562914591705
-0.07893424986787956
62.36126278916716
-15.080318437403513
-13.121643430590897
-108.23881866240035
71.47833016950571
-2.3269458251707427
-1.4827205925603737
-2.621958280813174
32.02043379487334
3.3871249531142293
-5.013373319090434
-21.136308969210177
1.4738813935165842
-5.706374193478688
11.364931550329409
7.740133820358803
24.30147806295358
-2.4182987462023195
37.42910652684223
-0.8721817630999249
-6.968480374003972
2.7079390776219974
1.15309326012013
-1.3385900797980792
3.707073725127829
55.77134328986173
-3.0084790408831523
5.9069903336714065
-2.694097608737229
-43.364256806280736
-39.42084959239738
120.33048215814789
-0.6624128275666159
4.691299686353667
-9.362655214930538
-0.9766910763276275
0.44231871401885137
13.863031574082232
0.24050487483732264
-8.495147841445775
-7.534047401242455
-49.13500471787332
-68.79787169218376
-4.533832923626234
-0.21210171359571373
-12.615528176490027
-12.285481220221072
-19.479333861648108
-0.6408481825773995
-9.536163020503736
-23.430813731844566
-19.255489367402216
-27.839618615074972
0.5608111512027634
-6.870888761182226
15.73129612267005
22.04201064949254
-6.209442798712833
25.87999518895295
-3.4594029400337547
-49.45950393358497
-3.8431891740245825
-9.580967640726218
-23.653056498091477
-3.7319723956432247
-10.542868495952366
-0.9126693797926908
-1.5542427471007763
-9.904001251697071
0.4479671345573726
2.207238597096989
-19.48163153149929
-0.5261649907296899
1.7558726593078973
-8.807170773961792
3.143423228610464
-17.904464708795015
-12.898466486908292
32.4811301082691
-6.6605252307590055
11.905671510866567
21.979033137766656
-5.47173979339932
-37.64616500252761
-45.62737470709477
9.021107325061141
-115.81495399408028
35.806689072559784
-8.778840986288015
21.27892493511968
-5.421367417606577
-48.04765854992483
9.120629337655776
-9.897377348572418
-9.681998853625617
0.23087159170246352
15.068470489840504
14.249197755110892
25.221744093960524
-94.76086024603036
69.56617232825633
1.808633151059924
7.934346743811418
87.63039544075707
11.304581445115087
