0
19.520399939111154
-29.592993713939848
36.03414088804416
24.859761374774507
9.75410008031459
-104.08410866713433
-32.526302136140636
2.136927631915545
-34.12423236385012
-14.754201222289092
-91.91117812710908
-33.80786668914676
21.079870721509266
10.545873127656805
70.37640462316214
28.464956986359198
10.756984296517881
0.6038195631367458
-24.784428249729803
-22.154527954133844
11.568756042297052
-5.189925913636612
25.7849631666904
-53.86382818071347
-113.36848948414521
-0.6586385015054361
117.19684400171165
7.1011828800808665
44.66486526712081
79.42005389178495
-7.92796143202693
-54.010422831667654
-7.297708237935528
-33.914141752937205
30.44073716789974
-7.744334636901633
31.67216133131987
-30.814385774831152
17.918715069410347
-70.47907762224612
-0.31598757738680927
-138.60284061710072
18.05170017057675
-0.5342283200632956
36.24157438634904
-1.7246868700057822
-11.921802106743591
-10.05331409107155
-46.28382757883632
-88.24663705033613
21.22849612365023
-0.8104083981401686
-6.795939927546527
72.72580094106816
-3.478887907891787
-12.989226878163635
-19.439521624028025
2.405275378099261
20.297895465271644
38.96188715215294
20.3733395376384
-19.05195259536747
10.468361445696212
57.94343167808925
-35.79422543101504
13.31197877419088
-15.651650471672818
-12.401292933339274
67.83804161560072
0.88977821872035
19.77641047587115
4.547459804313024
-63.30908243622241
55.710017642462375
98.20506262603499
-85.67722060550284
-13.650724471306333
-13.835224587661948
4.615699144157005
-10.921978685517848
27.29097204508497
-35.575451876789955
44.38335013295258
44.30022765952717
-25.998305530436568
-4.923668278073131
-68.85724692549653
82.68044564729215
20.71764548012677
2.2508390438650396
18.460403341599736
-25.79421115198017
144.78904774848726
-6.9709125619841625
-21.1224757394237
28.694697834216605
15.085321673191133
3.973460846524083
-6.406383189917289
25.9236340431277
-43.45479080078611
29.244450295936048
-39.98107018447005
13.16063596640862
-15.000539611679487
12.911138304473361
-19.140487029937727
-5.839435644879461
78.18346684011351
1.3103468749148526
-8.33765736825181
94.21651806532934
-0.07056312481520877
5.643773830204195
2.79775174747435
-33.327925795824584
70.46035337960865
-6.212551994162007
-9.646315824580912
119.92468160163754
22.236496238267367
13.9534805299817
-32.34168366667501
-29.962938362356898
24.557899002182612
-75.39218351828453
1.3060115641302135
-0.879042548749835
-0.3773635555831749
34.97804629401971
-3.7560530161124746
63.278380785967116
-71.60982625760784
-7.175322128250976
25.514925006943976
97.49271493538842
-0.960607685039589
25.522202315563476
-28.47146934829683
-38.071346792099625
23.84296742542761
-14.998992037074007
43.00016415756297
4.265451728399114
-28.805326306300465
-39.45672544979554
-14.969486579865674
-71.8461537806653
83.86450746135851
-8.405049586855739
-8.58500391686609
89.38477057275476
59.59787734597651
-0.4673148882974463
-0.17839872654829136
61.19624866236476
-6.312328051112357
-140.65466074350604
16.337987139019233
70.31429022696929
64.2875639144423
-44.563396619142296
18.349006613506358
19.93893696047416
4.849108760496476
13.756816524506421
-6.473685360177761
-3.539568418824068
-6.321472926563516
7.712870938996949
7.153197091023388
8.742028683926627
7.164450510473522
39.262081957971404
-61.51418498446954
-183.1501324300066
-50.802518773714766
38.36831779340206
62.04351091937177
5.7165635377286
6.502982079563699
18.072963410867402
18.547691078210956
-8.630520292909477
-7.143513336303292
1.9510054494946658
-13.35900942366927
-18.226254366565176
-20.46144743447979
-15.748435495083406
65.00669120949195
43.784056449405114
38.22789103608512
-8.31564012751876
-100.18483806573039
-44.16969662505336
-140.2613183132719
4.0347286146643615
-14.415344639971275
-56.53890994666624
11.120448804349131
-61.461695083035366
-76.5225585686716
52.54565317648389
4.087275313341658
-11.02209628026486
1.7086560556788992
-99.32711910063854
29.214357054438565
-50.705259533190876
-46.692873314036085
-2.6616806356593363
-8.936596977491186
-28.118147800394446
-11.7792363448917
-7.259126567457419
-26.653453589095594
111.54727310017654
15.854842950583059
11.577543700778817
-51.74860253369338
-39.86046263802646
-67.5811430300154
-16.356557344132042
24.958077803364468
19.156623957644925
84.08271423856058
-19.033104111443688
-46.7024904395669
9.603340246043805
-37.41512654272326
-3.710382201102865
0.1312512734073925
-27.633091090023697
-112.0347115926324
23.565505434194197
99.80827679314893
-17.51012168168753
52.809304436225794
-18.96177308067137
-17.664145619846224
30.386591893750655
9.092302624657059
158.51306794410357
-38.41870240395374
17.130342080765615
-56.59017929128216
-20.050590443111833
-0.6093036442182118
-10.416490915554732
9.874086373111544
4.104212788782153
-50.75020301303824
-17.13554484603604
37.46268215349535
29.667116352902426
-12.666240500179782
7.503988956541933
9.895072056152554
-8.29089776236291
-85.24359774729592
-0.5017162695089308
-11.011951142702763
-24.505820157675103
-62.89378832462188
-4.936605960871121
-77.90089770440075
122.32187038520887
-0.7177896666579455
45.140393370912435
5.946623840403991
40.6126891832349
-91.62494854599854
4.094386660082455
65.66667228398511
20.70808376953365
38.91025694878893
32.490769993502965
11.90018133674506
-54.86531750800252
-0.497616331105041
-21.009962386121362
27.304094016381644
23.61960023372562
-6.590503634566737
21.961936258964144
29.497905073631102
13.682169545734926
18.334098300110814
34.254471893108104
10.098475618105715
92.32199531757695
-10.136127928205578
98.41763071224214
-3.485482942465352
4.545001548774363
-30.11323070943994
2.3003694872508236
-49.434169733408126
56.64978756286808
9.765927174905439
-71.65406123757737
38.03607097381517
1.6920466383806145
-48.67689864626972
-134.87479630431946
-30.747315920781624
-24.161256985168038
-50.966572406796544
3.3128692986732755
11.484865035920427
1.0993616440637837
2.4722744379033497
-5.142460122355667
115.05252624599918
27.520557929271725
-30.47801686307253
23.89874887154767
12.098378505858822
41.834235128093944
-10.44376962675107
-107.38530849992478
-36.793504498044925
-17.16070989604382
70.8902807373317
15.5764968529544
49.41914051634362
88.93144850848742
17.647425971623775
0.4279960139102785
-15.12638172864003
6.319583610740367
-48.04232106252981
24.99273682161744
1.2263671372994347
24.46516492387134
118.16098750125933
-58.68117029686246
-2.057842846312772
-27.050157872370228
11.827598681911486
-140.62156650289495
30.673580245676703
29.110688437893845
6.403377419982519
-10.198311233367761
77.43690804641146
5.734702804906529
7.164014201046104
-18.87597435747917
9.998505694313492
107.24357486571508
-16.50693571653145
-7.324479397613952
4.188061784755926
-41.54946503233923
-9.655912391234205
-6.0170798602408535
5.348146743567241
-17.385040286000663
14.234034436817486
35.06073470192936
-30.360137409024844
6.878216150959251
-21.26567374640237
24.82125845768396
-8.392680315930768
6.070853716285761
-22.113267083525898
-133.158288469377
-45.92385916826555
3.2031276124277888
6.333828236869122
11.296374676275015
13.904190565236593
-15.09456426872653
-70.10175648681363
-88.61903493100795
-22.725481775275703
-113.63803894477242
20.808592883218424
58.01776506590091
88.5789076381702
-4.030482268235506
43.453225445945534
-7.578924246360241
97.77600095753317
-2.3281856510905605
-87.10585543916523
-13.89242953810234
-0.4341729225831443
9.293417746234113
-45.977497618360154
-32.43926296643664
-88.09839036806159
-0.3427404723324017
-30.193519934347428
21.38993763328666
-1.0256360259011483
-10.679340110595215
14.665038285356928
20.541091635962974
-41.78809336028412
-43.01989041369554
23.815750192622666
0.7968632999706378
-30.324495720755262
32.764059836100564
29.2660857191336
2.6972032424371335
96.59725155586762
-10.854200669449455
-66.60660640447104
79.7206626874322
-103.03211240556932
-8.1992684868482
22.212681680605183
-84.0986071300035
-40.88040814906177
-84.66401522125808
39.38273507504067
73.38375292449258
-9.639778019030683
-48.91017847427353
114.9212683917179
46.683936528774
-104.7898411037296
7.569818244587502
-3.351173994571764
-135.36336272044105
0.5421779769927966
3.7516969680282077
-100.5419556903417
19.89762521550981
-0.4721551208301378
6.699490327623915
13.904909429349864
-6.737030167216379
-0.35066845865041163
6.231138142713194
-27.206546832210705
1.9779001142692954
-1.2689681004893734
7.878091787775449
75.03675516209654
8.26292502150487
-15.383087321162272
58.56775822350755
25.117863447225922
23.322877311358525
-22.157126966863103
-5.942350996664803
-95.22359725638488
5.350024174757557
14.933959990391841
9.778205115871232
129.38521817809823
-41.30953956619979
-18.45685954294354
2.4525839992364133
9.755283943788971
-117.84189426794367
6.814475850511714
14.200511748176691
7.876308816608001
-17.68655620915922
93.75372591761592
-172.51838776280204
-21.93631996401551
101.27015052675996
-9.071807815129324
105.94702948762112
19.06355832976316
-28.726157345128073
18.131398236741006
-83.58146163444766
17.845748113417898
124.53473135729574
37.95589949706885
-28.8231492362943
-12.374915723693658
-43.447670546097676
36.487124847250996
110.20981823844397
-1.0706682676810786
18.931490551789917
46.36993700823779
-34.99885012405301
27.455361252191302
29.492488844870685
-1.5392760183161291
8.767528056085391
15.053912958983808
16.150842506929884
25.65080460344978
-0.5223064455882316
-120.71378947471592
1.103722029693179
29.802465898694663
-57.70150767696482
