"超参数eta,k=5",mae,wia,mape
1,3.9727596302594073,0.029206342758959836,1.2494818716136322
2,4.283440822676962,0.04057701591505242,1.4310458098076215
3,4.4704945724674765,0.04655295191376119,1.5301613285050846
4,4.598332157504027,0.049061641501871533,1.4404693118335081
5,4.649585835657609,0.05127774505424754,1.533686346029154
6,4.706625662552458,0.05284713725540713,1.5433315229778768
7,4.731329832289967,0.05339509781748536,1.5542479731291272
8,4.757232143078811,0.05427701484599773,1.5937993914766486
9,4.771714141750527,0.05429161355716039,1.5236767309176282
10,4.783387019016969,0.054903994183609584,1.5976893824062768
11,4.791974434325791,0.05529077128584747,1.5686703850776764
12,4.803939941470876,0.055453202475079344,1.5332092332829954
13,4.811404517276619,0.05605869281139958,1.6226039104304926
14,4.8211770378752075,0.05632751640994671,1.4863994005816887
15,4.822915544215672,0.05642605745908269,1.6291801987791361
16,4.827614956098387,0.05648625774215815,1.6053113488701607
17,4.832058470458538,0.056736961543501774,1.6057820043655155
18,4.839467464607877,0.05692962708999583,1.5984640726882202
19,4.839188191763107,0.05682289445292016,1.5638500729323295
20,4.8400973435356285,0.056979714051987596,1.600208799332186
21,4.841895225636771,0.05699085512487523,1.6345075201997101
22,4.844786295771078,0.05698541603529339,1.5543264512235062
23,4.844850315205909,0.05717043156769919,1.6166000316706426
24,4.8478228021951075,0.057260915253723454,1.6038116434202343
25,4.851967754872829,0.05717931340353749,1.5862675013404655
