"超参数eta,k=5",mae,wia,mape
1,3.506571544306075,0.021062946848638686,1.0173379926497255
2,3.7449815556532844,0.025553937702995744,1.0276693837057862
3,3.8936011951270437,0.026200900909541747,1.0788840200648688
4,3.958637328137069,0.026195741330219402,1.075678918593511
5,4.011505238190665,0.026362374965623214,1.1178317318310382
6,4.039528790883926,0.02688644281859104,1.1304264357993232
7,4.045792104604388,0.02613967193857153,1.1255247789860312
8,4.0607863873167,0.026047031433569623,1.1589723561127734
9,4.090114793660682,0.026658541804796543,1.1443220185110108
10,4.0904322986640125,0.027124280478340645,1.1649188263468666
11,4.095061462852806,0.02619610091296265,1.1495093330903563
12,4.094437167985042,0.026050074330503215,1.097366010814138
13,4.106016965488601,0.0260056046645607,1.1625066288702186
14,4.099624780757644,0.025601726463067187,1.1150391038137353
15,4.101624580969327,0.025749095259588572,1.1307500410267113
16,4.108140368912169,0.025450165098181043,1.13532547753724
17,4.109523896007092,0.025576372877853082,1.1450025599862177
18,4.114959159956179,0.025827303363486598,1.1533959518277546
19,4.11972698011655,0.025990223983587135,1.140493067575179
20,4.119095107877532,0.02584627959860253,1.1148673059905905
21,4.123123284628244,0.025859797730102996,1.1084606322849773
22,4.120289587042077,0.02572664114014106,1.1637145007450558
23,4.118630912984379,0.025680748740798398,1.1750797429553228
24,4.121668395023393,0.025900865166255116,1.155382479946299
25,4.120013624383413,0.025711829082410598,1.0537876032276952
