"超参数K,eta=1",mae,wia,mape
1,3.552713678800501e-15,0.0,0.0
2,3.552713678800501e-15,0.0,0.0
3,0.5323217279963188,0.0015302947585648652,0.45286963759107923
4,3.4260088338842234,0.034113269663337165,0.8956347586627222
5,3.9727596302594073,0.029206342758959836,1.2494818716136322
6,3.6867815545691123,0.027728520649839328,1.2510639818074196
7,3.5772802815389912,0.029639252830177043,1.3944106198813504
8,3.432572428731479,0.02708439637388721,1.2012014240963151
9,3.4390499279213333,0.0272495346639402,1.3013260793308032
10,3.3224815778388717,0.025985325947396387,1.2108966238593788
11,2.866430217015637,0.020783706428331772,1.131572682150403
12,2.7399718306691128,0.019904685405569722,1.0600423709958395
13,2.971135685879231,0.029220061325717084,1.2126602496553947
14,2.69892627170516,0.02297670565058829,1.028981739900492
15,2.3111611912661605,0.023607098394749615,0.9484146478253894
16,2.5832836227361486,0.02262818991974691,0.6931412200316451
17,2.477291656005672,0.02368859755496522,0.9901219471155214
18,2.3878980598831383,0.025754985063033475,0.8999059505604876
19,2.2492641709904824,0.021659698575903108,0.9178328180188497
20,2.160471438250857,0.019750505450198463,0.8331053123300114
21,2.2430073085217064,0.026675625764497835,0.970034887700657
22,2.1056341228195024,0.020548678617238414,0.9033359304982094
23,2.002393515122167,0.01930966931200201,0.8603756270915
24,2.0886886635690534,0.026958892741271945,0.7592412619383238
25,1.9045000317276042,0.020472740610259055,0.6808320273431114
26,1.9225157759703464,0.021160225761394702,0.7254369017711575
27,1.8598945839683214,0.019874927167029266,0.5693469535880373
28,1.778886704626263,0.021569813261429815,0.6797058368399371
29,1.739698687421587,0.021225410354993868,0.5402319389982493
30,1.6586289557402552,0.017939399738248873,0.6137741829837307
31,1.6425360841727432,0.018285341068885408,0.7144567214897295
32,1.637783530944052,0.02080107850609486,0.7522739230223472
33,1.5968070928640827,0.02145860418511547,0.11934133677831404
34,1.5850361176752727,0.02370494693849745,0.75792172275687
35,1.4741809052869428,0.019305986268179698,0.657177761290562
36,1.4892444838318717,0.02125807460026302,0.4616452464452223
37,1.6155759394187257,0.02520042689658708,0.5662158582123942
38,1.4143284779830978,0.024091457239347802,0.6015601135062383
39,1.3478488521265994,0.025391446671213735,0.5959151402197636
40,1.2299113625709168,0.02182168005736379,0.6306305924032358
41,1.2525230384572446,0.02208240199929612,0.5951715677750427
42,1.076662889290688,0.017162315936744332,0.5639444634956847
43,1.2284889723549917,0.01901224967441617,0.5993083008785529
44,1.290297554103205,0.020064980978032332,0.6529918457148556
45,1.2720843538922821,0.02048317309130865,0.6936658499865329
46,1.0599066528331598,0.020653649507088145,0.44944344656843427
47,1.1064030003975773,0.022440701049878053,0.5397092010781597
48,1.0256190751246343,0.021802152687660503,0.44301804235735265
49,0.9584567049813337,0.021172016603139665,0.39950091963959
50,0.9615466834184865,0.019944957645203765,0.4432393168768316
