"超参数K,eta=1",mae,wia,mape
1,0.0,0.0,0.0
2,0.0,0.0,0.0
3,0.5539502498603817,0.0073971886232241935,0.33525856940533494
4,2.8654562095004437,0.009674358381414144,1.1113740234387182
5,3.9662702067402478,0.008543321901505224,1.6940729905565615
6,4.075367663384636,0.00987872153891442,1.8064884590821038
7,3.6679054843930956,0.014025149287375333,1.6187181067084397
8,3.823762565547419,0.014057218775033659,1.5726507072094176
9,3.8120520656828276,0.015816052675182463,1.616258177088322
10,3.639786172701367,0.01823720082402655,1.3857296964628736
11,3.4648369764027613,0.015171819094025013,1.518903383861585
12,3.146684229575097,0.014672758119028101,1.2809589532518615
13,2.986480345770236,0.011508295704530852,1.2766423631923027
14,3.138387034861509,0.01901202146524375,1.0035293322759014
15,3.006149194386353,0.018498728826550043,1.0838098636232782
16,2.967132705019303,0.019567730951432966,1.0529248728163134
17,2.60808639203929,0.013760660600447866,0.9371010430723254
18,2.5903381270832107,0.016634886963743073,0.7736806036378265
19,2.576266113805282,0.014496758842581808,0.9769008201842215
20,2.46079954760231,0.017117072031892472,1.2379118607303772
21,2.435962071445868,0.015850231679797572,-0.17230738816153313
22,2.54343853234532,0.01713323042112716,1.003018431154624
23,2.4703381474633126,0.017227194921514005,0.7646157608198445
24,2.404408053622749,0.01678801061403548,1.0289255496377034
25,2.4621517815478597,0.016823892573014504,1.0730941496569582
26,2.2181676562277026,0.015385832365378965,0.8712824110327482
27,2.1218385720372126,0.017555346921947462,0.8436198309866043
28,2.0294896901356374,0.017138713379896503,0.680729103511287
29,2.0327670965769897,0.018770430772305974,-0.06242204629442494
30,2.1315957568891584,0.01773782604387683,0.8692364728693667
31,2.165918311753284,0.017476287864778922,0.9403467293348085
32,2.0779976033112106,0.01857720028922552,0.8413662825168755
33,2.01186652016915,0.017189620561146063,-0.352388829348226
34,1.8325262145316685,0.014157472353289485,0.33617721581021787
35,1.905780526337221,0.018055610602655287,0.292710528483906
36,1.7747936595034375,0.016768139501093265,0.7733120150303803
37,1.8981172892706653,0.016826536479723236,0.49820301150727353
38,1.9808916202553242,0.014727890330485799,0.729833237513426
39,1.7472138496532885,0.020405771251372745,0.885137808009894
40,1.7462974247004475,0.02011046380592571,0.9599074569728749
41,1.784797208868472,0.019950126934892537,0.7668428138797161
42,1.6359323893402546,0.020249908794448795,0.7147620883290111
43,1.7420769231631859,0.022853740723670662,0.8363707723924545
44,1.5292175541471238,0.02011680587109496,0.4549933948396916
45,1.6225696950339241,0.021862518309804152,0.7214423880467908
46,1.4735728470405647,0.015636049739637198,0.579686852616625
47,1.5514193414369757,0.016709866346854868,0.6579712913906306
48,1.5679216443387567,0.016738449144443862,0.6720258149456049
49,1.4942277668784492,0.015178939278421982,0.5197760845883481
50,1.6561925431562443,0.019798768723652854,0.7512946341178139
