"超参数K,eta=1",mae,wia,mape
1,0.0,0.0,0.0
2,0.0,0.0,0.0
3,0.7692691981566924,0.0032603593454301194,0.1795398128406438
4,4.590294613032599,0.04999382317742007,1.5183622812729776
5,4.618390753146328,0.020242760587866115,1.6970887432914417
6,4.509252158524815,0.030507941471263567,1.6081627540431374
7,4.210887076257926,0.02230018664311645,1.7300020430212468
8,4.0448518405223695,0.030915304788480702,1.5867968948141855
9,4.053499301370291,0.023692283751138632,1.615676861692462
10,4.011090337826996,0.02630164724838968,1.6829370335027405
11,3.659230454218978,0.0226912688434332,1.3815838014342292
12,3.9012935026811064,0.025850498691911306,1.637565155165606
13,3.4258556380944913,0.02434408449367287,1.4451891397779333
14,3.4535768333150756,0.025148891639206084,1.4758569062228841
15,3.355850347367559,0.023224463733485523,0.8193837585927319
16,3.3051797190518073,0.02040046191713263,1.39598292252629
17,3.2152392177415585,0.021500051621666072,1.3348690190419048
18,3.408359925181884,0.02327128196608852,1.4737077463322836
19,3.3003096727309327,0.023523822757503088,1.3311775004794422
20,2.409955416679349,0.004732368599890013,0.9043446887868463
21,2.909558631222094,0.023556375617206693,1.197123849313778
22,3.3030255380339,0.02014679916419615,1.2241597289266055
23,3.196929531304285,0.026242666700110218,1.238442419775469
24,2.9223200283608755,0.013894434595125515,1.2589384154051464
25,3.05510827976803,0.021111848641764963,1.253792268453934
26,3.055984290240552,0.027477806667278393,1.2779551030307958
27,2.997091053464775,0.025251667462644567,1.1035702330828379
28,3.0292580251746877,0.01661872990930846,1.1247801318921322
29,3.0700796200197136,0.02309798105310462,1.224575678169825
30,2.8878958610685856,0.02124641933570559,1.1405362681532276
31,2.86815327755372,0.018925062005329008,1.217106827963859
32,3.0404650758081715,0.025835805779468923,1.2141664555236504
33,2.8173472605717826,0.02098926437927806,1.1142859319409206
34,2.6068521128999276,0.020156219718615587,1.050949490442437
35,2.7600657110487212,0.019909375571237953,1.1244447871299936
36,3.0377071478013136,0.024452562360560925,0.9943420050677485
37,2.6053460664484476,0.016367912385354066,1.0287511486895236
38,2.0277202488852097,0.020591606666510165,0.7672551015456754
39,2.692172303186812,0.023202723241825707,1.188671238320588
40,2.398428572546864,0.025348063811053534,1.045529121822451
41,2.21233174094386,0.02252395176410743,0.8556150561149094
42,2.074285929769971,0.011111759140200572,0.8468809008796798
43,2.39417851223987,0.018768749006546903,0.9086928806114543
44,2.4061332800136324,0.0197009602992827,1.0504230810618571
45,2.5881094653592776,0.01913101684534646,1.1504460471317222
46,2.38917900086793,0.032853207060690115,0.866628923423618
47,2.357478072340136,0.016888171686585574,1.004855101055707
48,2.327593228914285,0.028570772318324167,1.0159181866886913
49,2.5316878874584408,0.023053748096315274,1.2179403894138887
50,2.332500476594106,0.028281746509351946,0.9999230462564768
