"超参数K,eta=1",mae,wia,mape
1,0.0,0.0,0.0
2,0.0,0.0,0.0
3,1.0477629837992453,0.007998384330577757,0.07125605261902956
4,3.017593214936337,0.0200517176620732,0.6644538514791662
5,3.5065715443060768,0.021062946848638686,1.0173379926497255
6,3.2766903402478746,0.023962648919335583,0.8744208428749558
7,3.160274166268149,0.030227278894876863,0.6731737144476844
8,3.1242972135984655,0.031034026820948746,0.7428620378190893
9,2.7763080594251903,0.029157951136120963,0.6901343162464202
10,2.5313295783337573,0.021581639235834227,0.5831437595164357
11,2.279219344624508,0.024551248641278778,0.5811783236897186
12,2.1045042728576675,0.025305338778350894,0.5429450829567126
13,1.9155901113939429,0.028091813844766056,0.5188202530851176
14,1.7888585567358,0.029738710797855394,0.5426613617729212
15,1.7723481477765617,0.021870609167391974,0.4291072344532201
16,1.4618191897759267,0.022706165726035787,0.47900833524934816
17,1.480320446721894,0.019422112524459634,0.3218868395321359
18,1.3838064161411587,0.021050880503049263,0.29588203678414615
19,1.1562071059411672,0.02035252441329405,0.35438313558121104
20,1.3441878242070402,0.02271419786196688,0.4313870736536596
21,1.0076764329720191,0.020492671889698333,0.2859311751075104
22,0.9918080700551286,0.02572102552533806,0.3320039184518957
23,0.8056636167181104,0.023148346261876673,0.23449753166806486
24,0.9937603303833527,0.0183050170746904,0.20128712488364808
25,0.7642804687098135,0.01989597274827748,0.2170282318009633
26,0.6645012747711725,0.02147214204986586,0.26637633473357614
27,0.9497082484525023,0.026098946107296295,0.29971821198309057
28,0.8089781738810302,0.023224195143193793,0.2585508100428058
29,0.448618948015195,0.023923910361397682,0.18517929732998484
30,0.5204380869354672,0.02164292031695525,0.24498272667220933
31,0.46873518983399975,0.01917937443389567,0.17821791899291783
32,0.44919081490641943,0.020812287380727434,0.08405246348486584
33,0.544940806141927,0.024036030261725183,0.10023424744854381
34,0.25385823694543674,0.018504720285892284,0.1906876772763364
35,0.35350832563716494,0.021068639963020608,0.0885390911976982
36,-0.008333156663560715,0.01588246523314968,-0.07038435015139344
37,0.07232905444380222,0.018462791897011,0.1428224311043853
38,0.2061580836385346,0.017918723443891227,0.18914775055217792
39,0.12012032205954526,0.01715695099680642,0.08743248814562721
40,0.23752345764538418,0.019884947769963246,0.1499900646971084
41,0.18258908755250758,0.016145935813334067,-0.016740068512337558
42,0.1953169055216577,0.01758378026840196,0.22788080390318433
43,0.21051009863013803,0.01709122787726486,0.14670722529917457
44,0.2050718233372777,0.01606246949689083,0.080698185253536
45,0.22624829581228312,0.017302562720887926,0.18323440677577318
46,0.2717754540552484,0.018561321861506608,0.09006594112135602
47,0.2701120660673837,0.019463249729981813,0.14092324030799475
48,0.2347703881355372,0.01900783077181184,0.2519541087999073
49,0.1682099559013004,0.01987892242674566,0.21975815726427195
50,0.11449626018966796,0.01795170303127136,0.18913252200115593
