,arfa X 0.1,bf_p,af_p_eta1,af_p_eta30
0,0,1.0,1.0,1.0
1,1,0.862,0.8588661037394452,0.8889617109348051
2,2,0.808,0.781664656212304,0.8126595377716453
3,3,0.768,0.7322074788902292,0.7521904104863746
4,4,0.74,0.6911942098914354,0.7037254225595033
5,5,0.71,0.6525934861278649,0.6614004829251466
6,6,0.666,0.6103739445114595,0.6204553294239393
7,7,0.63,0.5778045838359469,0.5909968954812004
8,8,0.604,0.5536791314837153,0.5649534322180062
9,9,0.576,0.5295536791314838,0.5391859261814419
10,10,0.548,0.5066344993968637,0.5184546395308727
11,11,0.516,0.4813027744270205,0.4996550534667127
12,12,0.496,0.4644149577804584,0.4821662642290445
13,13,0.48,0.451145958986731,0.46892031735081063
14,14,0.464,0.436670687575392,0.45670921007243875
15,15,0.46,0.4330518697225573,0.4452914798206278
16,16,0.46,0.43184559710494574,0.43570196619523976
17,17,0.452,0.41978287092882993,0.42538806484994823
18,18,0.45,0.4149577804583836,0.41510865815798553
19,19,0.446,0.4089264173703257,0.4047602621593653
20,20,0.442,0.40048250904704463,0.3956536736805795
21,21,0.442,0.3956574185765983,0.38640910658847877
22,22,0.436,0.3884197828709288,0.37747499137633667
23,23,0.434,0.3823884197828709,0.3681614349775785
24,24,0.432,0.376357056694813,0.3599862021386685
25,25,0.43,0.3703256936067551,0.35201793721973096
26,26,0.426,0.36308805790108567,0.34191100379441186
27,27,0.422,0.35826296743063935,0.333459813728872
28,28,0.418,0.353437876960193,0.32576750603656435
29,29,0.418,0.35223160434258144,0.3184546395308727
30,30,0.412,0.34499396863691195,0.31138323559848224
31,31,0.412,0.34378769601930037,0.3040358744394619
32,32,0.406,0.33896260554885405,0.29661952397378405
33,33,0.402,0.3353437876960193,0.2900310451879959
34,34,0.4,0.3293124246079614,0.28306312521559157
35,35,0.394,0.3232810615199035,0.27623318385650225
36,36,0.39,0.3208685162846803,0.26967919972404275
37,37,0.386,0.316043425814234,0.2632286995515695
38,38,0.382,0.31242460796139926,0.25715764056571233
39,39,0.374,0.30518697225572977,0.25132804415315624
40,40,0.368,0.2991556091676719,0.2460848568471887
41,41,0.362,0.2943305186972256,0.24080717488789238
42,42,0.362,0.29071170084439085,0.23563297688858226
43,43,0.356,0.2870928829915561,0.2307002414625733
44,44,0.352,0.28468033775633295,0.22545705415660572
45,45,0.35,0.2810615199034982,0.22083477061055537
46,46,0.344,0.27744270205066346,0.216212487064505
47,47,0.34,0.2750301568154403,0.21152121421179718
48,48,0.334,0.2689987937273824,0.20700241462573302
49,49,0.332,0.2677925211097708,0.20258709899965505
50,50,0.324,0.2605548854041013,0.19862021386685064
51,51,0.314,0.25331724969843183,0.19461883408071748
52,52,0.314,0.25331724969843183,0.19113487409451535
53,53,0.308,0.24849215922798554,0.18730596757502588
54,54,0.302,0.2448733413751508,0.18406347016212488
55,55,0.294,0.2376357056694813,0.18109692997585375
56,56,0.282,0.23039806996381182,0.17778544325629528
57,57,0.272,0.22316043425814233,0.17502587098999656
58,58,0.268,0.22074788902291917,0.17278371852362884
59,59,0.266,0.218335343787696,0.17023111417730252
60,60,0.26,0.2147165259348613,0.16788547775094861
61,61,0.26,0.2147165259348613,0.16571231459123836
62,62,0.256,0.21109770808202655,0.16336667816488445
63,63,0.254,0.2074788902291918,0.16112452569851674
64,64,0.252,0.20506634499396864,0.1591583304587789
65,65,0.246,0.19903498190591074,0.1570541566057261
66,66,0.242,0.19662243667068757,0.15515695067264573
67,67,0.24,0.1942098914354644,0.1533977233528803
68,68,0.234,0.19059107358262967,0.15150051741979992
69,69,0.23,0.1881785283474065,0.14977578475336323
70,70,0.228,0.18697225572979492,0.1484304932735426
71,71,0.226,0.18576598311218334,0.14687823387374957
72,72,0.222,0.18335343787696018,0.14525698516729907
73,73,0.22,0.18214716525934863,0.14384270438082097
74,74,0.218,0.17973462002412546,0.14239392894101413
75,75,0.214,0.17611580217129072,0.1408416695412211
76,76,0.21,0.17249698431845598,0.13977233528803035
77,77,0.202,0.1652593486127865,0.1387030010348396
78,78,0.192,0.15681544028950542,0.1374956881683339
79,79,0.19,0.15560916767189384,0.13680579510175922
80,80,0.188,0.15319662243667068,0.1360469127285271
81,81,0.186,0.1519903498190591,0.1353570196619524
82,82,0.186,0.1519903498190591,0.13487409451535012
83,83,0.186,0.15078407720144751,0.13401172818213178
84,84,0.186,0.15078407720144751,0.13345981372887203
85,85,0.18,0.1471652593486128,0.13276992066229734
86,86,0.178,0.14595898673100122,0.13218351155570887
87,87,0.178,0.14595898673100122,0.13163159710244912
88,88,0.178,0.14595898673100122,0.1312176612625043
89,89,0.174,0.14354644149577805,0.13045877888927215
90,90,0.172,0.14234016887816647,0.12973439116936875
91,91,0.172,0.14234016887816647,0.12921697136943774
92,92,0.172,0.1411338962605549,0.12869955156950671
93,93,0.172,0.1399276236429433,0.128147637116247
94,94,0.172,0.1399276236429433,0.12759572266298724
95,95,0.172,0.1399276236429433,0.12714729216971368
96,96,0.172,0.13872135102533173,0.12666436702311143
97,97,0.172,0.13872135102533173,0.125939979303208
98,98,0.172,0.13872135102533173,0.12549154880993446
99,99,0.172,0.13872135102533173,0.12497412901000345
100,100,0.17,0.13751507840772015,0.12445670921007244
