,arfa X 0.1,bf_p,af_p_eta1,af_p_eta30
0,0,1.0,1.0,1.0
1,1,0.895,0.8904109589041096,0.9127607264652232
2,2,0.86,0.8438356164383561,0.8537552541835197
3,3,0.82,0.8082191780821918,0.801094456340709
4,4,0.79,0.7589041095890411,0.7520818463002618
5,5,0.75,0.726027397260274,0.7119517804742644
6,6,0.73,0.7013698630136986,0.6723768736616702
7,7,0.71,0.673972602739726,0.6360536124990086
8,8,0.68,0.6438356164383562,0.6027440716948211
9,9,0.675,0.6273972602739726,0.5725275596795939
10,10,0.66,0.6082191780821918,0.5427075898167976
11,11,0.63,0.5808219178082191,0.5105876754699025
12,12,0.595,0.5424657534246575,0.48037116345467523
13,13,0.565,0.5041095890410959,0.4519787453406297
14,14,0.525,0.4712328767123288,0.42200015861686097
15,15,0.475,0.4246575342465753,0.3982076294710128
16,16,0.44,0.39452054794520547,0.384487270996907
17,17,0.435,0.38904109589041097,0.3716393052581489
18,18,0.425,0.3726027397260274,0.35823618050598777
19,19,0.42,0.36712328767123287,0.34538821476722975
20,20,0.41,0.3589041095890411,0.33721944642715523
21,21,0.405,0.3561643835616438,0.3293679118090253
22,22,0.4,0.34794520547945207,0.3215956856213816
23,23,0.385,0.33424657534246577,0.31485446903005787
24,24,0.375,0.3178082191780822,0.3085891030216512
25,25,0.375,0.3178082191780822,0.30359267190102307
26,26,0.375,0.31232876712328766,0.298596240780395
27,27,0.375,0.3095890410958904,0.29359980965976684
28,28,0.375,0.3041095890410959,0.2884447616781664
29,29,0.375,0.3041095890410959,0.2836069474185106
30,30,0.37,0.3013698630136986,0.27861051629788247
31,31,0.36,0.29315068493150687,0.27345546831628204
32,32,0.355,0.29041095890410956,0.26774526132127846
33,33,0.355,0.29041095890410956,0.2617971290348164
34,34,0.355,0.28493150684931506,0.2567213894837021
35,35,0.35,0.27945205479452057,0.2511697993496709
36,36,0.35,0.27671232876712326,0.24577682607661194
37,37,0.345,0.273972602739726,0.2412562455389008
38,38,0.34,0.2684931506849315,0.2373701324450789
39,39,0.34,0.26575342465753427,0.23308747719882625
40,40,0.34,0.26575342465753427,0.22928067253549053
41,41,0.335,0.26301369863013696,0.22523594258069632
42,42,0.335,0.26301369863013696,0.22134982948687446
43,43,0.335,0.25753424657534246,0.21698786581013563
44,44,0.335,0.25753424657534246,0.2131810611467999
45,45,0.325,0.2493150684931507,0.20905702276151955
46,46,0.31,0.2356164383561644,0.20556745182012848
47,47,0.31,0.2356164383561644,0.20247442303116822
48,48,0.305,0.23013698630136986,0.19922277738123562
49,49,0.305,0.23013698630136986,0.19660559917519232
50,50,0.305,0.23013698630136986,0.1938298041081767
51,51,0.3,0.2273972602739726,0.19065746688873028
52,52,0.3,0.2273972602739726,0.18811959711317314
53,53,0.295,0.22465753424657534,0.1853438020461575
54,54,0.29,0.2219178082191781,0.18320247442303117
55,55,0.285,0.2191780821917808,0.181140455230391
56,56,0.285,0.21643835616438356,0.17876120231580617
57,57,0.28,0.2136986301369863,0.17614402410976288
58,58,0.27,0.2054794520547945,0.17400269648663652
59,59,0.27,0.2054794520547945,0.17209929415496866
60,60,0.27,0.2054794520547945,0.16995796653184234
61,61,0.27,0.2054794520547945,0.16797525576968833
62,62,0.265,0.2,0.1655960028551035
63,63,0.265,0.2,0.16393052581489412
64,64,0.245,0.18904109589041096,0.16202712348322626
65,65,0.24,0.1863013698630137,0.16052026330398922
66,66,0.24,0.1863013698630137,0.15877547783329368
67,67,0.235,0.18082191780821918,0.1572686176540566
68,68,0.235,0.18082191780821918,0.15599968276627804
69,69,0.235,0.1780821917808219,0.154492822587041
70,70,0.23,0.1726027397260274,0.15282734554683164
71,71,0.225,0.16712328767123288,0.15203426124197003
72,72,0.215,0.16164383561643836,0.15116186850662225
73,73,0.21,0.1589041095890411,0.15013085891030217
74,74,0.21,0.1589041095890411,0.14909984931398207
75,75,0.21,0.1589041095890411,0.14798953128717582
76,76,0.2,0.15616438356164383,0.14711713855182806
77,77,0.195,0.1506849315068493,0.14616543738599413
78,78,0.195,0.1506849315068493,0.14553096994210485
79,79,0.195,0.1506849315068493,0.1448171940677294
80,80,0.195,0.1506849315068493,0.1441827266238401
81,81,0.195,0.14794520547945206,0.14346895074946467
82,82,0.19,0.13972602739726028,0.14291379173606153
83,83,0.19,0.13972602739726028,0.14259655801411691
84,84,0.19,0.136986301369863,0.1418034737092553
85,85,0.19,0.136986301369863,0.14132762312633834
86,86,0.19,0.136986301369863,0.14093108097390752
87,87,0.19,0.136986301369863,0.14029661353001824
88,88,0.19,0.136986301369863,0.13990007137758745
89,89,0.19,0.136986301369863,0.13910698707272584
90,90,0.19,0.136986301369863,0.13871044492029502
91,91,0.185,0.13424657534246576,0.13847251962883655
92,92,0.185,0.13150684931506848,0.1379966690459196
93,93,0.185,0.13150684931506848,0.13744151003251645
94,94,0.185,0.13150684931506848,0.1371242763105718
95,95,0.185,0.13150684931506848,0.13664842572765484
96,96,0.185,0.13150684931506848,0.13617257514473788
97,97,0.185,0.13150684931506848,0.1355381077008486
98,98,0.185,0.13150684931506848,0.1351415655484178
99,99,0.185,0.13150684931506848,0.13474502339598698
100,100,0.185,0.12876712328767123,0.13395193909112538
