,arfa X 0.1,bf_p,af_p_eta1,af_p_eta30
0,0,1.0,1.0,1.0
1,1,0.664,0.7026703866082105,0.8193449334698055
2,2,0.5713333333333334,0.6078118772419291,0.7107215967246674
3,3,0.5413333333333333,0.5731367078517338,0.6491579045314971
4,4,0.5213333333333333,0.5428457552809884,0.6014003908067368
5,5,0.51,0.5209246711837385,0.5657974318414442
6,6,0.49733333333333335,0.5025906735751295,0.5385340094910207
7,7,0.49,0.4886408927859705,0.5148646133804783
8,8,0.48133333333333334,0.4738939816660024,0.4954754815297292
9,9,0.4713333333333333,0.4619370267038661,0.47947101516702334
10,10,0.464,0.4543642885611798,0.46532753326509724
11,11,0.46066666666666667,0.4475886807493025,0.45253326509723646
12,12,0.4553333333333333,0.43961737744121165,0.4398785707639341
13,13,0.452,0.4316460741331208,0.4289103935982135
14,14,0.4493333333333333,0.4276604224790753,0.4180352656555318
15,15,0.44466666666666665,0.41769629334396174,0.4062994323997395
16,16,0.44,0.40932642487046633,0.3962501163115288
17,17,0.43466666666666665,0.4029493822239936,0.3865264725039546
18,18,0.43333333333333335,0.3985651654045436,0.3772797059644552
19,19,0.42933333333333334,0.39298525308888005,0.36844002977575135
20,20,0.42333333333333334,0.38581108011159826,0.3601237554666418
21,21,0.41933333333333334,0.3806297329613392,0.3518656369219317
22,22,0.414,0.37425269031486647,0.34417744486833535
23,23,0.4106666666666667,0.36907134316460743,0.33698939238857356
24,24,0.41,0.3642885611797529,0.3296036103098539
25,25,0.406,0.35751295336787564,0.3218223690332186
26,26,0.4033333333333333,0.3539258668792348,0.3140527589094631
27,27,0.4013333333333333,0.3507373455559984,0.3067832883595422
28,28,0.39666666666666667,0.34635312873654844,0.3002000558295338
29,29,0.38866666666666666,0.3395775209246712,0.2937796594398437
30,30,0.3873333333333333,0.33479473893981665,0.2875802549548711
31,31,0.38333333333333336,0.3312076524511758,0.2817181539034149
32,32,0.37933333333333336,0.3268234356317258,0.2758327905461989
33,33,0.37533333333333335,0.32283778397768037,0.26987764027170374
34,34,0.372,0.3188521323236349,0.26457383455848144
35,35,0.368,0.31287365484256674,0.2591071927049409
36,36,0.36533333333333334,0.3104822638501395,0.2536405508514004
37,37,0.358,0.3041052212036668,0.24852284358425608
38,38,0.356,0.3025109605420486,0.2436493905275891
39,39,0.35333333333333333,0.2993224392188123,0.23883409323532148
40,40,0.3506666666666667,0.29533678756476683,0.23412347631897273
41,41,0.3453333333333333,0.2897568752491032,0.22973853168326044
42,42,0.3406666666666667,0.2857712235950578,0.22534195589466827
43,43,0.33666666666666667,0.28178557194101234,0.22122452777519308
44,44,0.32866666666666666,0.27461139896373055,0.2171419931143575
45,45,0.324,0.27062574730968514,0.21346654880431748
46,46,0.32,0.2670386608210442,0.20966316181259886
47,47,0.314,0.2618573136707852,0.2062319717130362
48,48,0.30933333333333335,0.2586687923475488,0.20296361775379176
49,49,0.30266666666666664,0.25308888003188523,0.1996254768772681
50,50,0.302,0.25229174970107615,0.19672931981017958
51,51,0.298,0.2475089677162216,0.19367032660277286
52,52,0.292,0.24232762056596255,0.1906345957011259
53,53,0.2886666666666667,0.23874053407732165,0.18780822555131665
54,54,0.2833333333333333,0.23355918692706257,0.18495859309574766
55,55,0.27466666666666667,0.22758070944599443,0.18242300176793524
56,56,0.27,0.223595057791949,0.1799920908160417
57,57,0.2653333333333333,0.21960940613790356,0.17750302409974877
58,58,0.26266666666666666,0.21681944998007174,0.17513026891225458
59,59,0.26066666666666666,0.21522518931845358,0.17309481715827674
60,60,0.254,0.20964527700278995,0.17091979156974038
61,61,0.25,0.20605819051414906,0.1690704382618405
62,62,0.24666666666666667,0.20326823435631725,0.16734902763561924
63,63,0.24466666666666667,0.20207253886010362,0.1656043547036382
64,64,0.24,0.19768832204065365,0.16402251791197545
65,65,0.23533333333333334,0.1944998007174173,0.1623708942030334
66,66,0.23,0.18971701873256278,0.16084721317576997
67,67,0.22733333333333333,0.18772419290554004,0.15950963059458453
68,68,0.22533333333333333,0.18573136707851734,0.15813715455475946
69,69,0.22133333333333333,0.18333997608609007,0.15695077696101237
70,70,0.21666666666666667,0.17975288959744917,0.15577603052014516
71,71,0.214,0.17776006377042647,0.1546245463850377
72,72,0.20733333333333334,0.1717815862893583,0.1534730622499302
73,73,0.20333333333333334,0.1681944998007174,0.15251930771378058
74,74,0.20066666666666666,0.16660023913909924,0.15156555317763096
75,75,0.19933333333333333,0.16580310880829016,0.1508095282404392
76,76,0.19733333333333333,0.16420884814667197,0.1499255606215688
77,77,0.19333333333333333,0.16062176165803108,0.1490997487670978
78,78,0.19,0.15823037066560383,0.14846003535870475
79,79,0.18533333333333332,0.1542447190115584,0.14785521540895133
80,80,0.182,0.15145476285372658,0.14714571508327906
81,81,0.18133333333333335,0.15105619768832204,0.14662231320368474
82,82,0.18066666666666667,0.14986050219210842,0.14594770633665208
83,83,0.18,0.1490633718612993,0.14538941099841815
84,84,0.18,0.1490633718612993,0.14486600911882386
85,85,0.17933333333333334,0.14826624153049023,0.14433097608634968
86,86,0.17933333333333334,0.14826624153049023,0.14390062342979437
87,87,0.17933333333333334,0.14826624153049023,0.14345863962035918
88,88,0.17933333333333334,0.14746911119968115,0.14299339350516424
89,89,0.178,0.14667198086887206,0.14250488508420955
90,90,0.178,0.14667198086887206,0.14199311435749512
91,91,0.178,0.14587485053806298,0.14155113054805993
92,92,0.178,0.14587485053806298,0.1410277286684656
93,93,0.17733333333333334,0.14547628537265844,0.14051595794175117
94,94,0.17733333333333334,0.14547628537265844,0.14010886759095562
95,95,0.17733333333333334,0.14547628537265844,0.13963199032288082
96,96,0.17733333333333334,0.14547628537265844,0.13917837536056574
97,97,0.17733333333333334,0.14507772020725387,0.1386666046338513
98,98,0.17733333333333334,0.14467915504184933,0.13813157160137712
99,99,0.17733333333333334,0.14467915504184933,0.1377477435563413
100,100,0.17733333333333334,0.14467915504184933,0.137224341676747
