,arfa X 0.1,bf_p,af_p_eta1,af_p_eta30
0,0,1.0,1.0,1.0
1,1,0.506,0.5022556390977444,0.5567877275667683
2,2,0.496,0.48721804511278194,0.5179743092135662
3,3,0.492,0.48120300751879697,0.4981055355327604
4,4,0.486,0.4766917293233083,0.48230292948895664
5,5,0.48,0.4706766917293233,0.4653913686350615
6,6,0.478,0.46766917293233085,0.4537473431291008
7,7,0.476,0.46616541353383456,0.44173366601977637
8,8,0.476,0.46616541353383456,0.42953516310877
9,9,0.47,0.45864661654135336,0.4176138989002865
10,10,0.468,0.45714285714285713,0.40643193789853066
11,11,0.466,0.4556390977443609,0.3962665188060253
12,12,0.464,0.45413533834586467,0.3869328158210886
13,13,0.458,0.44661654135338347,0.3772294612327881
14,14,0.454,0.44360902255639095,0.36798817114869237
15,15,0.452,0.4406015037593985,0.3590241197671195
16,16,0.448,0.43609022556390975,0.3503373070880695
17,17,0.446,0.4330827067669173,0.3424822105165881
18,18,0.444,0.43157894736842106,0.33379539783753814
19,19,0.44,0.42857142857142855,0.3255706496626929
20,20,0.434,0.4195488721804511,0.3168838369836429
21,21,0.426,0.41353383458646614,0.3099528694205711
22,22,0.42,0.40601503759398494,0.30292948895665833
23,23,0.414,0.4,0.2962757600961094
24,24,0.414,0.4,0.2900840957397653
25,25,0.408,0.3924812030075188,0.2837076055817392
26,26,0.4,0.3819548872180451,0.2778855928287589
27,27,0.4,0.3819548872180451,0.2721559929766195
28,28,0.392,0.3744360902255639,0.26716569633120785
29,29,0.39,0.37293233082706767,0.26152850937990946
30,30,0.386,0.3684210526315789,0.25626097403197484
31,31,0.382,0.36390977443609024,0.251640328989927
32,32,0.38,0.362406015037594,0.24711209684872007
33,33,0.37,0.35037593984962406,0.24221421310414934
34,34,0.362,0.3443609022556391,0.2381480454671472
35,35,0.36,0.34135338345864663,0.23352740042509934
36,36,0.356,0.33533834586466166,0.2297384714906201
37,37,0.354,0.33383458646616543,0.22594954255614083
38,38,0.352,0.3323308270676692,0.22271509102670733
39,39,0.35,0.32781954887218046,0.21874133629054615
40,40,0.344,0.3233082706766917,0.21485999445522594
41,41,0.342,0.3218045112781955,0.21162554292579244
42,42,0.334,0.3142857142857143,0.20811385269383606
43,43,0.328,0.3082706766917293,0.20506422696608448
44,44,0.328,0.3082706766917293,0.20201460123833287
45,45,0.324,0.3037593984962406,0.19905738841142223
46,46,0.32,0.3007518796992481,0.19554569817946585
47,47,0.32,0.3007518796992481,0.19212642084835044
48,48,0.312,0.29172932330827067,0.18898438221975788
49,49,0.308,0.28721804511278193,0.1863044080953701
50,50,0.304,0.28270676691729324,0.18380925977266427
51,51,0.3,0.2781954887218045,0.1813141114499584
52,52,0.296,0.27518796992481204,0.1789113760280935
53,53,0.296,0.27518796992481204,0.1767858793087515
54,54,0.288,0.26766917293233083,0.17410590518436372
55,55,0.284,0.2646616541353383,0.17253488587006746
56,56,0.28,0.26165413533834586,0.16976249884483874
57,57,0.278,0.26015037593984963,0.16800665372886056
58,58,0.274,0.25413533834586466,0.16532667960447278
59,59,0.27,0.2511278195488722,0.16384807319101746
60,60,0.266,0.24661654135338346,0.16163016357083448
61,61,0.26,0.24060150375939848,0.16005914425653822
62,62,0.256,0.23759398496240602,0.15848812494224193
63,63,0.25,0.23308270676691728,0.1568246927271047
64,64,0.238,0.22105263157894736,0.15451437020608078
65,65,0.232,0.21353383458646616,0.15275852509010257
66,66,0.23,0.21203007518796993,0.151834396081693
67,67,0.23,0.21203007518796993,0.15007855096571482
68,68,0.226,0.20902255639097744,0.14878477035394141
69,69,0.224,0.20601503759398496,0.14758340264300895
70,70,0.218,0.2,0.14675168653544035
71,71,0.214,0.19398496240601504,0.14508825432030312
72,72,0.212,0.1924812030075188,0.14416412531189354
73,73,0.208,0.18796992481203006,0.14342482210516588
74,74,0.206,0.18646616541353384,0.14259310599759725
75,75,0.198,0.17894736842105263,0.14148415118750576
76,76,0.194,0.17593984962406015,0.14046760927825525
77,77,0.192,0.17293233082706766,0.13972830607152759
78,78,0.186,0.16691729323308271,0.13871176416227704
79,79,0.186,0.16691729323308271,0.13843452545975418
80,80,0.18,0.16090225563909774,0.13788004805470844
81,81,0.18,0.16090225563909774,0.13788004805470844
82,82,0.18,0.16090225563909774,0.1373255706496627
83,83,0.18,0.16090225563909774,0.13677109324461695
84,84,0.18,0.16090225563909774,0.13658626744293503
85,85,0.18,0.16090225563909774,0.13630902874041217
86,86,0.18,0.16090225563909774,0.1360317900378893
87,87,0.178,0.15789473684210525,0.13556972553368452
88,88,0.178,0.15789473684210525,0.13501524812863877
89,89,0.178,0.15789473684210525,0.13436835782275205
90,90,0.178,0.15789473684210525,0.13353664171518345
91,91,0.178,0.15789473684210525,0.13325940301266057
92,92,0.178,0.15789473684210525,0.13288975140929674
93,93,0.178,0.15789473684210525,0.13242768690509196
94,94,0.178,0.15789473684210525,0.13196562240088716
95,95,0.178,0.15789473684210525,0.13178079659920525
96,96,0.178,0.15789473684210525,0.1312263191941595
97,97,0.178,0.15789473684210525,0.13076425468995473
98,98,0.178,0.15789473684210525,0.13048701598743184
99,99,0.178,0.15789473684210525,0.1303946030865909
100,100,0.178,0.15789473684210525,0.12984012568154515
