,arfa X 0.1,bf_p,af_p_eta1,af_p_eta30
0,0,1.0,1.0,1.0
1,1,0.89,0.9353233830845771,0.9519251584969847
2,2,0.842,0.8890547263681592,0.9081181382402969
3,3,0.806,0.8532338308457711,0.8681305087366631
4,4,0.784,0.8278606965174129,0.8361682387505799
5,5,0.766,0.8,0.8039585588371734
6,6,0.744,0.7716417910447761,0.7729240760785526
7,7,0.72,0.7402985074626866,0.7443636925931653
8,8,0.708,0.7169154228855721,0.719035101283439
9,9,0.704,0.6930348258706468,0.6930879851554044
10,10,0.694,0.6701492537313433,0.6669243853409618
11,11,0.674,0.6467661691542289,0.6427091387041906
12,12,0.664,0.6293532338308457,0.6193907530539663
13,13,0.646,0.609950248756219,0.5983454461110252
14,14,0.632,0.5880597014925373,0.5788773774547704
15,15,0.616,0.5676616915422885,0.5587907839802072
16,16,0.596,0.5447761194029851,0.5388897479511365
17,17,0.58,0.5258706467661691,0.5201793721973094
18,18,0.566,0.5059701492537313,0.5008504716251739
19,19,0.548,0.491044776119403,0.48274315756919745
20,20,0.544,0.4791044776119403,0.4669089222205041
21,21,0.536,0.4606965174129353,0.4523117365084274
22,22,0.528,0.44477611940298506,0.4369877841348384
23,23,0.522,0.43532338308457713,0.4222359672181846
24,24,0.5,0.42139303482587065,0.4082109169630431
25,25,0.484,0.4064676616915423,0.39475800216483686
26,26,0.476,0.39800995024875624,0.3828668625328591
27,27,0.47,0.3890547263681592,0.3714086902736972
28,28,0.46,0.3800995024875622,0.36129580949435597
29,29,0.444,0.36716417910447763,0.35141487552188033
30,30,0.436,0.35870646766169156,0.3423998762950363
31,31,0.42,0.34776119402985073,0.33386423380238134
32,32,0.402,0.3358208955223881,0.3255605381165919
33,33,0.392,0.3253731343283582,0.31711767434668314
34,34,0.382,0.31791044776119404,0.3087057368176898
35,35,0.374,0.3099502487562189,0.2995824957476419
36,36,0.366,0.29950248756218906,0.29027369723210145
37,37,0.354,0.2930348258706468,0.2826503788464512
38,38,0.352,0.2855721393034826,0.2751971547858358
39,39,0.35,0.28059701492537314,0.26868718107314055
40,40,0.34,0.2746268656716418,0.2626565640946343
41,41,0.332,0.27064676616915423,0.2569506726457399
42,42,0.332,0.2656716417910448,0.2511983918354724
43,43,0.326,0.25920398009950246,0.24628111952992113
44,44,0.324,0.25522388059701495,0.24170403587443945
45,45,0.324,0.2507462686567164,0.23718880470078862
46,46,0.32,0.24477611940298508,0.23279727849079945
47,47,0.316,0.2407960199004975,0.22859130972630276
48,48,0.314,0.23582089552238805,0.22195763104994587
49,49,0.312,0.23233830845771145,0.21730323179217567
50,50,0.298,0.22487562189054727,0.21328282047317149
51,51,0.298,0.2208955223880597,0.21005102829751043
52,52,0.298,0.21791044776119403,0.2066491417968146
53,53,0.296,0.21641791044776118,0.20330910777794958
54,54,0.294,0.21343283582089553,0.2001855574454925
55,55,0.286,0.20845771144278608,0.1972011751971548
56,56,0.282,0.2064676616915423,0.19440235039430956
57,57,0.282,0.20348258706467662,0.19180454615741457
58,58,0.282,0.2009950248756219,0.18865006958404207
59,59,0.272,0.19601990049751244,0.18583578166073914
60,60,0.266,0.19303482587064677,0.18288232565331683
61,61,0.256,0.18855721393034827,0.17988248028452142
62,62,0.256,0.1880597014925373,0.17773310654089997
63,63,0.254,0.1845771144278607,0.1756146590381939
64,64,0.252,0.18358208955223881,0.17331065408999535
65,65,0.252,0.18208955223880596,0.17122313282820473
66,66,0.244,0.1791044776119403,0.16905829596412555
67,67,0.238,0.1761194029850746,0.1672645739910314
68,68,0.238,0.1746268656716418,0.16557909386114117
69,69,0.234,0.17213930348258707,0.16390907685170866
70,70,0.228,0.17064676616915422,0.1620844286376991
71,71,0.224,0.16865671641791044,0.1608009896397093
72,72,0.222,0.16766169154228855,0.15962579248492345
73,73,0.218,0.16616915422885573,0.1584196690892222
74,74,0.214,0.16417910447761194,0.15736817689809804
75,75,0.212,0.1626865671641791,0.15627029534560075
76,76,0.212,0.16218905472636816,0.1552806556363074
77,77,0.212,0.16169154228855723,0.1541982372042678
78,78,0.21,0.16119402985074627,0.1532704499768053
79,79,0.208,0.15870646766169155,0.15221895778568115
80,80,0.206,0.15771144278606966,0.15122931807638781
81,81,0.204,0.15572139303482588,0.15040977269212927
82,82,0.2,0.1537313432835821,0.14959022730787072
83,83,0.198,0.15323383084577114,0.14877068192361217
84,84,0.196,0.1527363184079602,0.1480593783825576
85,85,0.194,0.15124378109452735,0.1473016854801299
86,86,0.19,0.15024875621890546,0.14663677130044844
87,87,0.186,0.1482587064676617,0.14592546775939386
88,88,0.186,0.1482587064676617,0.1452760167001701
89,89,0.186,0.14776119402985075,0.14485851244781198
90,90,0.186,0.14676616915422885,0.14430184011133446
91,91,0.186,0.14676616915422885,0.14374516777485696
92,92,0.186,0.14676616915422885,0.14311117983609092
93,93,0.184,0.14577114427860696,0.14261635998144426
94,94,0.184,0.14527363184079603,0.14204422452450904
95,95,0.184,0.14477611940298507,0.14154940466986238
96,96,0.184,0.14477611940298507,0.14094634297201175
97,97,0.184,0.14328358208955225,0.14038967063553426
98,98,0.184,0.14328358208955225,0.1398948507808876
99,99,0.182,0.1427860696517413,0.13933817844441007
100,100,0.182,0.1427860696517413,0.13887428483067882
