,arfa X 0.1,bf_p,af_p_eta1,af_p_eta30
0,0,1.0,1.0,1.0
1,1,0.922,0.9207317073170732,0.9634458259325045
2,2,0.898,0.8951219512195122,0.932291296625222
3,3,0.882,0.8768292682926829,0.9077797513321492
4,4,0.866,0.8609756097560975,0.8843339253996447
5,5,0.852,0.8439024390243902,0.8629129662522202
6,6,0.84,0.8329268292682926,0.8423801065719361
7,7,0.826,0.8146341463414634,0.8244760213143872
8,8,0.822,0.8109756097560976,0.8080994671403197
9,9,0.816,0.801219512195122,0.7937833037300177
10,10,0.808,0.7914634146341464,0.7789342806394316
11,11,0.798,0.776829268292683,0.7652575488454707
12,12,0.786,0.7682926829268293,0.7522202486678508
13,13,0.774,0.7548780487804878,0.7392184724689165
14,14,0.764,0.7439024390243902,0.7246891651865008
15,15,0.758,0.7365853658536585,0.7090941385435169
16,16,0.746,0.7219512195121951,0.6919715808170515
17,17,0.736,0.7,0.6784724689165187
18,18,0.73,0.6902439024390243,0.6660746003552398
19,19,0.728,0.6865853658536586,0.6552042628774423
20,20,0.726,0.6817073170731708,0.6438721136767318
21,21,0.718,0.6707317073170732,0.6317229129662523
22,22,0.71,0.6597560975609756,0.6201420959147425
23,23,0.7,0.65,0.6086323268206039
24,24,0.694,0.6402439024390244,0.5970159857904085
25,25,0.694,0.6378048780487805,0.5845470692717585
26,26,0.682,0.6268292682926829,0.5734280639431616
27,27,0.676,0.6207317073170732,0.5636589698046182
28,28,0.674,0.6182926829268293,0.5545648312611012
29,29,0.662,0.6073170731707317,0.5442984014209592
30,30,0.662,0.6036585365853658,0.5354884547069272
31,31,0.652,0.5951219512195122,0.5265008880994672
32,32,0.646,0.5890243902439024,0.5179040852575488
33,33,0.638,0.5817073170731707,0.5094849023090586
34,34,0.636,0.5768292682926829,0.5010301953818828
35,35,0.634,0.574390243902439,0.49257548845470694
36,36,0.632,0.5695121951219512,0.4832326820603908
37,37,0.626,0.5609756097560976,0.47399644760213144
38,38,0.614,0.5487804878048781,0.46440497335701597
39,39,0.606,0.5390243902439025,0.45701598579040853
40,40,0.602,0.5341463414634147,0.4502664298401421
41,41,0.598,0.5292682926829269,0.44348134991119004
42,42,0.59,0.524390243902439,0.4369804618117229
43,43,0.58,0.5134146341463415,0.429911190053286
44,44,0.576,0.5060975609756098,0.42426287744227353
45,45,0.572,0.5,0.41904085257548845
46,46,0.56,0.4926829268292683,0.41268206039076377
47,47,0.558,0.49146341463414633,0.40642984014209593
48,48,0.552,0.4865853658536585,0.4008170515097691
49,49,0.55,0.4853658536585366,0.3955239786856128
50,50,0.544,0.4792682926829268,0.3900177619893428
51,51,0.54,0.47560975609756095,0.38518650088809947
52,52,0.53,0.4682926829268293,0.38035523978685615
53,53,0.522,0.46219512195121953,0.37545293072824154
54,54,0.518,0.4585365853658537,0.3710479573712256
55,55,0.508,0.45121951219512196,0.36682060390763765
56,56,0.502,0.44634146341463415,0.3622735346358792
57,57,0.496,0.4426829268292683,0.3580817051509769
58,58,0.492,0.43902439024390244,0.3541740674955595
59,59,0.482,0.4304878048780488,0.3500177619893428
60,60,0.478,0.42804878048780487,0.3462877442273535
61,61,0.476,0.4268292682926829,0.34238010657193607
62,62,0.468,0.4219512195121951,0.3380461811722913
63,63,0.458,0.41097560975609754,0.3336056838365897
64,64,0.456,0.4097560975609756,0.3294138543516874
65,65,0.448,0.4036585365853659,0.32493783303730017
66,66,0.442,0.39878048780487807,0.3208880994671403
67,67,0.434,0.38902439024390245,0.31786856127886326
68,68,0.43,0.38414634146341464,0.3150266429840142
69,69,0.428,0.3804878048780488,0.3121847246891652
70,70,0.428,0.3804878048780488,0.30959147424511546
71,71,0.422,0.374390243902439,0.30682060390763766
72,72,0.418,0.3695121951219512,0.30429840142095915
73,73,0.412,0.36341463414634145,0.3019538188277087
74,74,0.406,0.35609756097560974,0.29968028419182946
75,75,0.402,0.35,0.29719360568383657
76,76,0.394,0.3439024390243902,0.2947779751332149
77,77,0.392,0.3426829268292683,0.29261101243339255
78,78,0.386,0.3378048780487805,0.2902309058614565
79,79,0.384,0.33414634146341465,0.28845470692717584
80,80,0.38,0.33170731707317075,0.2867495559502664
81,81,0.378,0.3304878048780488,0.2853285968028419
82,82,0.372,0.325609756097561,0.28369449378330375
83,83,0.37,0.3231707317073171,0.28259325044404976
84,84,0.37,0.3231707317073171,0.28124333925399647
85,85,0.37,0.32195121951219513,0.2799289520426288
86,86,0.368,0.3195121951219512,0.2785079928952043
87,87,0.368,0.3195121951219512,0.27726465364120784
88,88,0.364,0.31585365853658537,0.275595026642984
89,89,0.364,0.3146341463414634,0.27452930728241565
90,90,0.362,0.31341463414634146,0.2733214920071048
91,91,0.36,0.31097560975609756,0.2722557726465364
92,92,0.36,0.31097560975609756,0.2709413854351687
93,93,0.36,0.31097560975609756,0.26948490230905864
94,94,0.358,0.3097560975609756,0.2682415630550622
95,95,0.358,0.3097560975609756,0.26717584369449376
96,96,0.358,0.3097560975609756,0.26625222024866785
97,97,0.356,0.30853658536585366,0.26515097690941386
98,98,0.356,0.30853658536585366,0.26397868561278864
99,99,0.356,0.3073170731707317,0.2628063943161634
100,100,0.356,0.3073170731707317,0.26149200710479575
